HCN + hv => H + CN (wavelength = nm, qy = unitless)
wavelength          300K                
1.00000000e-01      0.00000000e+00      
3.00000000e+00      0.00000000e+00      
3.10000000e+00      0.00000000e+00      
4.10000000e+00      0.00000000e+00      
4.30000000e+00      0.00000000e+00      
5.00000000e+00      0.00000000e+00      
1.00000000e+01      0.00000000e+00      
2.00000000e+01      0.00000000e+00      
3.00000000e+01      0.00000000e+00      
4.00000000e+01      0.00000000e+00      
5.00000000e+01      0.00000000e+00      
6.00000000e+01      0.00000000e+00      
7.00000000e+01      0.00000000e+00      
8.00000000e+01      0.00000000e+00      
9.00000000e+01      0.00000000e+00      
9.11200000e+01      0.00000000e+00      
9.12000000e+01      1.00000000e+00      
1.05000000e+02      1.00000000e+00      
1.05150000e+02      1.00000000e+00      
1.05270000e+02      1.00000000e+00      
1.05580000e+02      1.00000000e+00      
1.05900000e+02      1.00000000e+00      
1.06010000e+02      1.00000000e+00      
1.06330000e+02      1.00000000e+00      
1.06460000e+02      1.00000000e+00      
1.06640000e+02      1.00000000e+00      
1.06790000e+02      1.00000000e+00      
1.06880000e+02      1.00000000e+00      
1.07000000e+02      1.00000000e+00      
1.07330000e+02      1.00000000e+00      
1.07560000e+02      1.00000000e+00      
1.07740000e+02      1.00000000e+00      
1.08090000e+02      1.00000000e+00      
1.08200000e+02      1.00000000e+00      
1.08390000e+02      1.00000000e+00      
1.08570000e+02      1.00000000e+00      
1.08890000e+02      1.00000000e+00      
1.09030000e+02      1.00000000e+00      
1.09450000e+02      1.00000000e+00      
1.09830000e+02      1.00000000e+00      
1.10330000e+02      1.00000000e+00      
1.10500000e+02      1.00000000e+00      
1.10700000e+02      1.00000000e+00      
1.10810000e+02      1.00000000e+00      
1.11060000e+02      1.00000000e+00      
1.11150000e+02      1.00000000e+00      
1.11430000e+02      1.00000000e+00      
1.12170000e+02      1.00000000e+00      
1.12580000e+02      1.00000000e+00      
1.12660000e+02      1.00000000e+00      
1.13070000e+02      1.00000000e+00      
1.13540000e+02      1.00000000e+00      
1.13690000e+02      1.00000000e+00      
1.13930000e+02      1.00000000e+00      
1.14110000e+02      1.00000000e+00      
1.14290000e+02      1.00000000e+00      
1.15130000e+02      1.00000000e+00      
1.15610000e+02      1.00000000e+00      
1.17220000e+02      1.00000000e+00      
1.17450000e+02      1.00000000e+00      
1.17740000e+02      1.00000000e+00      
1.18030000e+02      1.00000000e+00      
1.18410000e+02      1.00000000e+00      
1.18530000e+02      1.00000000e+00      
1.18940000e+02      1.00000000e+00      
1.19520000e+02      1.00000000e+00      
1.19710000e+02      1.00000000e+00      
1.20380000e+02      1.00000000e+00      
1.20760000e+02      1.00000000e+00      
1.21050000e+02      1.00000000e+00      
1.21500000e+02      1.00000000e+00      
1.21980000e+02      1.00000000e+00      
1.22310000e+02      1.00000000e+00      
1.22410000e+02      1.00000000e+00      
1.22900000e+02      1.00000000e+00      
1.23070000e+02      1.00000000e+00      
1.23420000e+02      1.00000000e+00      
1.23960000e+02      1.00000000e+00      
1.24600000e+02      1.00000000e+00      
1.24870000e+02      1.00000000e+00      
1.25820000e+02      1.00000000e+00      
1.27000000e+02      1.00000000e+00      
1.29030000e+02      1.00000000e+00      
1.29520000e+02      1.00000000e+00      
1.30000000e+02      1.00000000e+00      
1.30140000e+02      1.00000000e+00      
1.30460000e+02      1.00000000e+00      
1.30870000e+02      1.00000000e+00      
1.30990000e+02      1.00000000e+00      
1.31090000e+02      1.00000000e+00      
1.31170000e+02      1.00000000e+00      
1.31480000e+02      1.00000000e+00      
1.31620000e+02      1.00000000e+00      
1.32120000e+02      1.00000000e+00      
1.32410000e+02      1.00000000e+00      
1.32670000e+02      1.00000000e+00      
1.32840000e+02      1.00000000e+00      
1.33030000e+02      1.00000000e+00      
1.33220000e+02      1.00000000e+00      
1.33240000e+02      1.00000000e+00      
1.33710000e+02      1.00000000e+00      
1.33870000e+02      1.00000000e+00      
1.33970000e+02      1.00000000e+00      
1.34060000e+02      1.00000000e+00      
1.34440000e+02      1.00000000e+00      
1.34630000e+02      1.00000000e+00      
1.34930000e+02      1.00000000e+00      
1.35170000e+02      1.00000000e+00      
1.35400000e+02      1.00000000e+00      
1.35570000e+02      1.00000000e+00      
1.35940000e+02      1.00000000e+00      
1.36160000e+02      1.00000000e+00      
1.36290000e+02      1.00000000e+00      
1.36420000e+02      1.00000000e+00      
1.36580000e+02      1.00000000e+00      
1.36710000e+02      1.00000000e+00      
1.36790000e+02      1.00000000e+00      
1.37220000e+02      1.00000000e+00      
1.37350000e+02      1.00000000e+00      
1.37780000e+02      1.00000000e+00      
1.38050000e+02      1.00000000e+00      
1.38210000e+02      1.00000000e+00      
1.38750000e+02      1.00000000e+00      
1.39200000e+02      1.00000000e+00      
1.39690000e+02      1.00000000e+00      
1.39720000e+02      1.00000000e+00      
1.40000000e+02      1.00000000e+00      
1.40800000e+02      1.00000000e+00      
1.41150000e+02      1.00000000e+00      
1.41240000e+02      1.00000000e+00      
1.41660000e+02      1.00000000e+00      
1.42000000e+02      1.00000000e+00      
1.42630000e+02      1.00000000e+00      
1.42870000e+02      1.00000000e+00      
1.42900000e+02      1.00000000e+00      
1.43390000e+02      1.00000000e+00      
1.44430000e+02      1.00000000e+00      
1.44680000e+02      1.00000000e+00      
1.44770000e+02      1.00000000e+00      
1.45050000e+02      1.00000000e+00      
1.46300000e+02      1.00000000e+00      
1.46480000e+02      1.00000000e+00      
1.46600000e+02      1.00000000e+00      
1.46810000e+02      1.00000000e+00      
1.47070000e+02      1.00000000e+00      
1.48300000e+02      1.00000000e+00      
1.48450000e+02      1.00000000e+00      
1.48600000e+02      1.00000000e+00      
1.50230000e+02      1.00000000e+00      
1.50310000e+02      1.00000000e+00      
1.50560000e+02      1.00000000e+00      
1.52270000e+02      1.00000000e+00      
1.52400000e+02      1.00000000e+00      
1.52540000e+02      1.00000000e+00      
1.55000000e+02      1.00000000e+00      
1.56100000e+02      1.00000000e+00      
1.56450000e+02      1.00000000e+00      
1.56750000e+02      1.00000000e+00      
1.57550000e+02      1.00000000e+00      
1.58700000e+02      1.00000000e+00      
1.59200000e+02      1.00000000e+00      
1.60700000e+02      1.00000000e+00      
1.61350000e+02      1.00000000e+00      
1.62500000e+02      1.00000000e+00      
1.63250000e+02      1.00000000e+00      
1.64500000e+02      1.00000000e+00      
1.65250000e+02      1.00000000e+00      
1.66600000e+02      1.00000000e+00      
1.67050000e+02      1.00000000e+00      
1.67300000e+02      1.00000000e+00      
1.67600000e+02      1.00000000e+00      
1.68400000e+02      1.00000000e+00      
1.68450000e+02      1.00000000e+00      
1.68800000e+02      1.00000000e+00      
1.69050000e+02      1.00000000e+00      
1.69150000e+02      1.00000000e+00      
1.69350000e+02      1.00000000e+00      
1.70800000e+02      1.00000000e+00      
1.71050000e+02      1.00000000e+00      
1.71150000e+02      1.00000000e+00      
1.71400000e+02      1.00000000e+00      
1.71600000e+02      1.00000000e+00      
1.71850000e+02      1.00000000e+00      
1.72300000e+02      1.00000000e+00      
1.72600000e+02      1.00000000e+00      
1.73450000e+02      1.00000000e+00      
1.73850000e+02      1.00000000e+00      
1.74250000e+02      1.00000000e+00      
1.74400000e+02      1.00000000e+00      
1.75150000e+02      1.00000000e+00      
1.75450000e+02      1.00000000e+00      
1.75950000e+02      1.00000000e+00      
1.76250000e+02      1.00000000e+00      
1.76900000e+02      1.00000000e+00      
1.77150000e+02      1.00000000e+00      
1.77450000e+02      1.00000000e+00      
1.78000000e+02      1.00000000e+00      
1.78150000e+02      1.00000000e+00      
1.78550000e+02      1.00000000e+00      
1.78750000e+02      1.00000000e+00      
1.78850000e+02      1.00000000e+00      
1.78950000e+02      1.00000000e+00      
1.79250000e+02      1.00000000e+00      
1.79300000e+02      1.00000000e+00      
1.79700000e+02      1.00000000e+00      
1.79900000e+02      1.00000000e+00      
1.80250000e+02      1.00000000e+00      
1.80500000e+02      1.00000000e+00      
1.80800000e+02      1.00000000e+00      
1.80850000e+02      1.00000000e+00      
1.81250000e+02      1.00000000e+00      
1.81450000e+02      1.00000000e+00      
1.81700000e+02      1.00000000e+00      
1.81850000e+02      1.00000000e+00      
1.82250000e+02      1.00000000e+00      
1.82350000e+02      1.00000000e+00      
1.82650000e+02      1.00000000e+00      
1.82900000e+02      1.00000000e+00      
1.83400000e+02      1.00000000e+00      
1.83600000e+02      1.00000000e+00      
1.83750000e+02      1.00000000e+00      
1.83950000e+02      1.00000000e+00      
1.84100000e+02      1.00000000e+00      
1.84350000e+02      1.00000000e+00      
1.84550000e+02      1.00000000e+00      
1.84850000e+02      1.00000000e+00      
1.85250000e+02      1.00000000e+00      
1.85500000e+02      1.00000000e+00      
1.85900000e+02      1.00000000e+00      
1.86100000e+02      1.00000000e+00      
1.86450000e+02      1.00000000e+00      
1.86600000e+02      1.00000000e+00      
1.86850000e+02      1.00000000e+00      
1.87050000e+02      1.00000000e+00      
1.87250000e+02      1.00000000e+00      
1.87400000e+02      1.00000000e+00      
1.87650000e+02      1.00000000e+00      
1.88050000e+02      1.00000000e+00      
1.88550000e+02      1.00000000e+00      
1.88650000e+02      1.00000000e+00      
1.89000000e+02      1.00000000e+00      
1.89150000e+02      1.00000000e+00      
1.89500000e+02      1.00000000e+00      
1.89800000e+02      1.00000000e+00      
1.90050000e+02      1.00000000e+00      
1.90250000e+02      1.00000000e+00      
1.90500000e+02      1.00000000e+00      
1.90700000e+02      1.00000000e+00      
1.91200000e+02      1.00000000e+00      
1.91450000e+02      1.00000000e+00      
1.91900000e+02      1.00000000e+00      
1.92350000e+02      1.00000000e+00      
1.92550000e+02      1.00000000e+00      
1.92700000e+02      1.00000000e+00      
1.93150000e+02      1.00000000e+00      
1.93250000e+02      1.00000000e+00      
1.93650000e+02      1.00000000e+00      
1.93950000e+02      1.00000000e+00      
1.94100000e+02      1.00000000e+00      
1.94300000e+02      1.00000000e+00      
1.94700000e+02      1.00000000e+00      
1.95000000e+02      1.00000000e+00      
