N2 + hv => N + N
wavelength (nm)   quantum yield
1.0000e-01        0.0000e+00     
9.9000e-01        0.0000e+00     
1.3400e+00        0.0000e+00     
2.9000e+00        0.0000e+00     
3.0000e+00        0.0000e+00     
4.4600e+00        0.0000e+00     
6.8000e+00        0.0000e+00     
1.0000e+01        0.0000e+00     
1.5000e+01        0.0000e+00     
2.0930e+01        0.0000e+00     
2.4720e+01        0.0000e+00     
3.0380e+01        0.0000e+00     
3.4800e+01        0.0000e+00     
3.9500e+01        0.0000e+00     
4.3000e+01        0.0000e+00     
4.3500e+01        0.0000e+00     
4.9800e+01        0.0000e+00     
5.0750e+01        0.0000e+00     
5.0820e+01        0.0000e+00     
5.1040e+01        0.0000e+00     
5.1960e+01        2.0000e-02     
5.2220e+01        3.5000e-02     
5.2580e+01        2.0000e-02     
5.3700e+01        3.5000e-02     
5.5330e+01        4.0000e-02     
5.5410e+01        5.4941e-02     
5.5450e+01        7.4797e-02     
5.5530e+01        4.5161e-02     
5.8430e+01        5.0216e-03     
5.9780e+01        3.0000e-02     
5.9960e+01        4.6154e-02     
6.0000e+01        4.4161e-02     
6.0840e+01        5.0000e-03     
6.0980e+01        5.0000e-03     
6.1080e+01        1.0000e-02     
6.1700e+01        2.0000e-02     
6.2000e+01        2.3931e-02     
6.2460e+01        3.0000e-02     
6.2510e+01        3.0000e-02     
6.2580e+01        2.0000e-02     
6.2970e+01        3.0000e-02     
6.3000e+01        3.1130e-02     
6.4000e+01        6.9048e-02     
6.5000e+01        1.0680e-01     
6.6000e+01        1.4480e-01     
6.7000e+01        1.8281e-01     
6.7140e+01        1.8782e-01     
6.7410e+01        1.5509e-01     
6.7510e+01        2.1012e-01     
6.7970e+01        1.8796e-01     
6.8190e+01        1.7897e-01     
6.8500e+01        4.4856e-02     
6.8570e+01        4.0161e-02     
6.8630e+01        4.4813e-02     
6.9090e+01        1.6106e-01     
6.9490e+01        1.5791e-01     
7.0000e+01        2.3403e-01     
7.1000e+01        2.4427e-01     
7.1530e+01        2.4978e-01     
7.2130e+01        2.8507e-01     
7.2340e+01        1.6701e-01     
7.2600e+01        2.4591e-01     
7.2950e+01        2.8885e-01     
7.3300e+01        2.8397e-01     
7.3480e+01        2.2406e-01     
7.3590e+01        1.5318e-01     
7.3680e+01        8.0519e-02     
7.3740e+01        6.4000e-02     
7.3780e+01        8.1938e-02     
7.3840e+01        2.1696e-02     
7.3970e+01        2.5391e-01     
7.4050e+01        1.6731e-01     
7.4140e+01        4.6500e-02     
7.4260e+01        1.9477e-01     
7.4370e+01        1.0495e-01     
7.4470e+01        4.1107e-01     
7.4550e+01        1.8592e-01     
7.4650e+01        5.2964e-01     
7.4700e+01        3.5094e-01     
7.4760e+01        2.0593e-01     
7.4840e+01        1.6106e-01     
7.4930e+01        5.1971e-01     
7.4960e+01        3.9394e-01     
7.5080e+01        6.9136e-01     
7.5200e+01        2.6369e-01     
7.5250e+01        3.7500e-01     
7.5290e+01        4.0412e-01     
7.5430e+01        3.2495e-01     
7.5650e+01        3.3269e-01     
7.5730e+01        5.4062e-01     
7.5770e+01        4.2599e-01     
7.5850e+01        3.0864e-01     
7.5870e+01        2.5021e-01     
7.5940e+01        1.3966e-01     
7.5950e+01        3.1026e-01     
7.6030e+01        4.2980e-01     
7.6110e+01        4.4888e-01     
7.6150e+01        5.2972e-01     
7.6200e+01        5.3957e-01     
7.6270e+01        4.0625e-01     
7.6330e+01        2.0000e-01     
7.6360e+01        2.0517e-01     
7.6440e+01        3.1037e-01     
7.6450e+01        3.7100e-01     
7.6500e+01        2.5373e-01     
7.6510e+01        2.2951e-01     
7.6700e+01        1.2105e-01     
7.6850e+01        4.0000e-01     
7.7050e+01        2.2549e-01     
7.7150e+01        5.5924e-01     
7.7400e+01        2.7500e-01     
7.7450e+01        6.0000e-01     
7.7850e+01        5.1493e-01     
7.7990e+01        3.5000e-01     
7.8000e+01        4.9329e-01     
7.8100e+01        1.9195e-01     
7.8250e+01        3.4621e-01     
7.8350e+01        5.4790e-01     
7.8520e+01        4.1987e-01     
7.8620e+01        4.4295e-01     
7.8770e+01        1.0999e-01     
7.8800e+01        2.9839e-01     
7.8950e+01        5.0680e-01     
7.9020e+01        5.4626e-01     
7.9050e+01        4.1981e-01     
7.9200e+01        2.8046e-01     
7.9350e+01        7.9512e-01     
7.9500e+01        8.6792e-01     
7.9800e+01        1.0000e+00     
8.0100e+01        1.0000e+00     
8.0150e+01        1.0000e+00     
8.0220e+01        1.0000e+00     
8.0230e+01        1.0000e+00     
8.0370e+01        1.0000e+00     
8.0400e+01        1.0000e+00     
8.0450e+01        1.0000e+00     
8.0500e+01        1.0000e+00     
8.0580e+01        1.0000e+00     
8.0600e+01        1.0000e+00     
8.0630e+01        1.0000e+00     
8.0650e+01        1.0000e+00     
8.0660e+01        1.0000e+00     
8.0800e+01        1.0000e+00     
8.0880e+01        1.0000e+00     
8.0900e+01        1.0000e+00     
8.1000e+01        1.0000e+00     
8.1050e+01        1.0000e+00     
8.1150e+01        1.0000e+00     
8.1250e+01        1.0000e+00     
8.1350e+01        1.0000e+00     
8.1370e+01        1.0000e+00     
8.1500e+01        1.0000e+00     
8.1600e+01        1.0000e+00     
8.1750e+01        1.0000e+00     
8.1860e+01        1.0000e+00     
8.1900e+01        1.0000e+00     
8.2010e+01        1.0000e+00     
8.2030e+01        1.0000e+00     
8.2100e+01        1.0000e+00     
8.2120e+01        1.0000e+00     
8.2250e+01        1.0000e+00     
8.2260e+01        1.0000e+00     
8.2330e+01        1.0000e+00     
8.2450e+01        1.0000e+00     
8.2490e+01        1.0000e+00     
8.2520e+01        1.0000e+00     
8.2570e+01        1.0000e+00     
8.2600e+01        1.0000e+00     
8.2640e+01        1.0000e+00     
8.2800e+01        1.0000e+00     
8.2850e+01        1.0000e+00     
8.2860e+01        1.0000e+00     
8.2930e+01        1.0000e+00     
8.3150e+01        1.0000e+00     
8.3200e+01        1.0000e+00     
8.3300e+01        1.0000e+00     
8.3350e+01        1.0000e+00     
8.3410e+01        1.0000e+00     
8.3450e+01        1.0000e+00     
8.3500e+01        1.0000e+00     
8.3510e+01        1.0000e+00     
8.3650e+01        1.0000e+00     
8.3740e+01        1.0000e+00     
8.3750e+01        1.0000e+00     
8.4000e+01        1.0000e+00     
8.4080e+01        1.0000e+00     
8.4090e+01        1.0000e+00     
8.4150e+01        1.0000e+00     
8.4200e+01        1.0000e+00     
8.4220e+01        1.0000e+00     
8.4290e+01        1.0000e+00     
8.4350e+01        1.0000e+00     
8.4410e+01        1.0000e+00     
8.4420e+01        1.0000e+00     
8.4620e+01        1.0000e+00     
8.4690e+01        1.0000e+00     
8.4700e+01        1.0000e+00     
8.4820e+01        1.0000e+00     
8.4970e+01        1.0000e+00     
8.5000e+01        1.0000e+00     
8.5010e+01        1.0000e+00     
8.5250e+01        1.0000e+00     
8.5280e+01        1.0000e+00     
8.5350e+01        1.0000e+00     
8.5370e+01        1.0000e+00     
8.5500e+01        1.0000e+00     
8.5620e+01        1.0000e+00     
8.5630e+01        1.0000e+00     
8.5670e+01        1.0000e+00     
8.5710e+01        1.0000e+00     
8.5720e+01        1.0000e+00     
8.5900e+01        1.0000e+00     
8.5970e+01        1.0000e+00     
8.5980e+01        1.0000e+00     
8.6000e+01        1.0000e+00     
8.6080e+01        1.0000e+00     
8.6130e+01        1.0000e+00     
8.6200e+01        1.0000e+00     
8.6250e+01        1.0000e+00     
8.6330e+01        1.0000e+00     
8.6350e+01        1.0000e+00     
8.6420e+01        1.0000e+00     
8.6500e+01        1.0000e+00     
8.6540e+01        1.0000e+00     
8.6610e+01        1.0000e+00     
8.6650e+01        1.0000e+00     
8.6680e+01        1.0000e+00     
8.6700e+01        1.0000e+00     
8.6810e+01        1.0000e+00     
8.7000e+01        1.0000e+00     
8.7090e+01        1.0000e+00     
8.7150e+01        1.0000e+00     
8.7170e+01        1.0000e+00     
8.7320e+01        1.0000e+00     
8.7420e+01        1.0000e+00     
8.7500e+01        1.0000e+00     
8.7550e+01        1.0000e+00     
8.7620e+01        1.0000e+00     
8.7650e+01        1.0000e+00     
8.7740e+01        1.0000e+00     
8.7830e+01        1.0000e+00     
8.7900e+01        1.0000e+00     
8.7920e+01        1.0000e+00     
8.7960e+01        1.0000e+00     
8.8020e+01        1.0000e+00     
8.8100e+01        1.0000e+00     
8.8110e+01        1.0000e+00     
8.8200e+01        1.0000e+00     
8.8260e+01        1.0000e+00     
8.8270e+01        1.0000e+00     
8.8390e+01        1.0000e+00     
8.8500e+01        1.0000e+00     
8.8580e+01        1.0000e+00     
8.8600e+01        1.0000e+00     
8.8630e+01        1.0000e+00     
8.8640e+01        1.0000e+00     
8.8690e+01        1.0000e+00     
8.8700e+01        1.0000e+00     
8.8830e+01        1.0000e+00     
8.8890e+01        1.0000e+00     
8.8920e+01        1.0000e+00     
8.9050e+01        1.0000e+00     
8.9110e+01        1.0000e+00     
8.9220e+01        1.0000e+00     
8.9300e+01        1.0000e+00     
8.9320e+01        1.0000e+00     
8.9400e+01        1.0000e+00     
8.9550e+01        1.0000e+00     
8.9620e+01        1.0000e+00     
8.9720e+01        1.0000e+00     
8.9830e+01        1.0000e+00     
8.9900e+01        1.0000e+00     
8.9930e+01        1.0000e+00     
8.9980e+01        1.0000e+00     
9.0050e+01        1.0000e+00     
9.0080e+01        1.0000e+00     
9.0120e+01        1.0000e+00     
9.0130e+01        1.0000e+00     
9.0230e+01        1.0000e+00     
9.0250e+01        1.0000e+00     
9.0300e+01        1.0000e+00     
9.0360e+01        1.0000e+00     
9.0400e+01        1.0000e+00     
9.0470e+01        1.0000e+00     
9.0500e+01        1.0000e+00     
9.0700e+01        1.0000e+00     
9.0760e+01        1.0000e+00     
9.0800e+01        1.0000e+00     
9.0970e+01        1.0000e+00     
9.1000e+01        1.0000e+00     
9.1060e+01        1.0000e+00     
9.1080e+01        1.0000e+00     
9.1180e+01        1.0000e+00     
9.1200e+01        1.0000e+00     
9.1260e+01        1.0000e+00     
9.1270e+01        1.0000e+00     
9.1600e+01        1.0000e+00     
9.1640e+01        1.0000e+00     
9.1770e+01        1.0000e+00     
9.1920e+01        1.0000e+00     
9.1930e+01        1.0000e+00     
9.2000e+01        1.0000e+00     
9.2130e+01        1.0000e+00     
9.2200e+01        1.0000e+00     
9.2280e+01        1.0000e+00     
9.2300e+01        1.0000e+00     
9.2500e+01        1.0000e+00     
9.2610e+01        1.0000e+00     
9.2700e+01        1.0000e+00     
9.2770e+01        1.0000e+00     
9.2820e+01        1.0000e+00     
9.2870e+01        1.0000e+00     
9.2900e+01        1.0000e+00     
9.3150e+01        1.0000e+00     
9.3190e+01        1.0000e+00     
9.3250e+01        1.0000e+00     
9.3430e+01        1.0000e+00     
9.3450e+01        1.0000e+00     
9.3500e+01        1.0000e+00     
9.3530e+01        1.0000e+00     
9.3700e+01        1.0000e+00     
9.3790e+01        1.0000e+00     
9.3850e+01        1.0000e+00     
9.3880e+01        1.0000e+00     
9.3990e+01        1.0000e+00     
9.4050e+01        1.0000e+00     
9.4250e+01        1.0000e+00     
9.4550e+01        1.0000e+00     
9.4620e+01        1.0000e+00     
9.4670e+01        1.0000e+00     
9.4750e+01        1.0000e+00     
9.4800e+01        1.0000e+00     
9.4920e+01        1.0000e+00     
9.5000e+01        1.0000e+00     
9.5020e+01        1.0000e+00     
9.5120e+01        1.0000e+00     
9.5200e+01        1.0000e+00     
9.5300e+01        1.0000e+00     
9.5400e+01        1.0000e+00     
9.5450e+01        1.0000e+00     
9.5510e+01        1.0000e+00     
9.5550e+01        1.0000e+00     
9.5700e+01        1.0000e+00     
9.5800e+01        1.0000e+00     
9.5820e+01        1.0000e+00     
9.5880e+01        1.0000e+00     
9.5930e+01        1.0000e+00     
9.6000e+01        1.0000e+00     
9.6030e+01        1.0000e+00     
9.6350e+01        1.0000e+00     
9.6500e+01        1.0000e+00     
9.6550e+01        1.0000e+00     
9.6580e+01        1.0000e+00     
9.7000e+01        1.0000e+00     
9.7250e+01        1.0000e+00     
9.7600e+01        1.0000e+00     
9.7700e+01        1.0000e+00     
9.7800e+01        1.0000e+00     
9.7910e+01        1.0000e+00     
9.8570e+01        1.0000e+00     
9.8750e+01        1.0000e+00     
9.8980e+01        1.0000e+00     
9.9150e+01        1.0000e+00     
9.9190e+01        1.0000e+00     
9.9700e+01        1.0000e+00     
1.0000e+02        1.0000e+00     
1.0080e+02        1.0000e+00     
1.0257e+02        1.0000e+00     
1.0319e+02        1.0000e+00     
1.0376e+02        1.0000e+00     
