O2 + hv => O + O1D
wavelength (nm)   quantum yield
1.0000e-01        0.0000e+00     
4.0000e-01        0.0000e+00     
7.5000e-01        0.0000e+00     
9.9000e-01        0.0000e+00     
1.2500e+00        0.0000e+00     
1.3400e+00        0.0000e+00     
1.9000e+00        0.0000e+00     
2.6900e+00        0.0000e+00     
3.6000e+00        0.0000e+00     
4.1300e+00        0.0000e+00     
4.8600e+00        0.0000e+00     
5.1500e+00        0.0000e+00     
5.2800e+00        0.0000e+00     
5.7700e+00        0.0000e+00     
6.3600e+00        0.0000e+00     
6.8000e+00        0.0000e+00     
7.0800e+00        0.0000e+00     
7.2500e+00        0.0000e+00     
8.0000e+00        0.0000e+00     
9.1800e+00        0.0000e+00     
9.3000e+00        0.0000e+00     
1.0000e+01        0.0000e+00     
1.0780e+01        0.0000e+00     
1.2050e+01        0.0000e+00     
1.3050e+01        0.0000e+00     
1.5150e+01        0.0000e+00     
1.6530e+01        0.0000e+00     
1.6750e+01        0.0000e+00     
1.6980e+01        0.0000e+00     
1.7220e+01        0.0000e+00     
1.7250e+01        0.0000e+00     
1.7460e+01        0.0000e+00     
1.7710e+01        0.0000e+00     
1.7970e+01        0.0000e+00     
1.8230e+01        0.0000e+00     
1.8500e+01        0.0000e+00     
1.8510e+01        0.0000e+00     
1.8790e+01        0.0000e+00     
1.9070e+01        0.0000e+00     
1.9370e+01        0.0000e+00     
1.9680e+01        0.0000e+00     
1.9750e+01        0.0000e+00     
2.0000e+01        0.0000e+00     
2.0330e+01        0.0000e+00     
2.0660e+01        0.0000e+00     
2.0930e+01        0.0000e+00     
2.1010e+01        0.0000e+00     
2.1250e+01        0.0000e+00     
2.1380e+01        0.0000e+00     
2.1750e+01        0.0000e+00     
2.2140e+01        0.0000e+00     
2.2540e+01        0.0000e+00     
2.2960e+01        0.0000e+00     
2.3000e+01        0.0000e+00     
2.3390e+01        0.0000e+00     
2.3840e+01        0.0000e+00     
2.4310e+01        0.0000e+00     
2.4720e+01        0.0000e+00     
2.4800e+01        0.0000e+00     
2.5000e+01        0.0000e+00     
2.5300e+01        0.0000e+00     
2.5700e+01        0.0000e+00     
2.5830e+01        0.0000e+00     
2.6380e+01        0.0000e+00     
2.6950e+01        0.0000e+00     
2.7000e+01        0.0000e+00     
2.7550e+01        0.0000e+00     
2.8180e+01        0.0000e+00     
2.8830e+01        0.0000e+00     
2.9500e+01        0.0000e+00     
2.9520e+01        0.0000e+00     
3.0240e+01        0.0000e+00     
3.0380e+01        0.0000e+00     
3.1000e+01        0.0000e+00     
3.1790e+01        0.0000e+00     
3.2630e+01        0.0000e+00     
3.3510e+01        0.0000e+00     
3.4440e+01        0.0000e+00     
3.5420e+01        0.0000e+00     
3.6470e+01        0.0000e+00     
3.7570e+01        0.0000e+00     
3.8750e+01        0.0000e+00     
4.0000e+01        0.0000e+00     
4.1330e+01        0.0000e+00     
4.2750e+01        0.0000e+00     
4.3020e+01        0.0000e+00     
4.3500e+01        0.0000e+00     
4.4280e+01        0.0000e+00     
4.5920e+01        0.0000e+00     
4.7690e+01        0.0000e+00     
4.9590e+01        0.0000e+00     
5.0770e+01        0.0000e+00     
5.0820e+01        0.0000e+00     
5.1660e+01        0.0000e+00     
5.2220e+01        0.0000e+00     
5.2580e+01        0.0000e+00     
5.3700e+01        0.0000e+00     
5.3910e+01        0.0000e+00     
5.5330e+01        0.0000e+00     
5.5410e+01        0.0000e+00     
5.5450e+01        0.0000e+00     
5.5530e+01        0.0000e+00     
5.6360e+01        0.0000e+00     
5.8430e+01        0.0000e+00     
5.9040e+01        0.0000e+00     
5.9960e+01        0.0000e+00     
6.1000e+01        0.0000e+00     
6.1990e+01        0.0000e+00     
6.2500e+01        0.0000e+00     
6.2970e+01        0.0000e+00     
6.4750e+01        0.0000e+00     
6.5260e+01        0.0000e+00     
6.6000e+01        0.0000e+00     
6.7000e+01        0.0000e+00     
6.8250e+01        0.0000e+00     
6.8500e+01        0.0000e+00     
6.8550e+01        0.0000e+00     
6.8580e+01        0.0000e+00     
6.8630e+01        0.0000e+00     
6.8880e+01        1.9528e-02     
7.0230e+01        1.2500e-01     
7.0380e+01        1.1500e-01     
7.2930e+01        2.8854e-01     
7.6040e+01        0.0000e+00     
7.6510e+01        0.0000e+00     
7.7040e+01        0.0000e+00     
7.7490e+01        0.0000e+00     
7.8030e+01        0.0000e+00     
7.8770e+01        0.0000e+00     
7.9010e+01        0.0000e+00     
7.9020e+01        0.0000e+00     
8.2660e+01        0.0000e+00     
8.3280e+01        0.0000e+00     
8.3290e+01        0.0000e+00     
8.3330e+01        0.0000e+00     
8.3370e+01        0.0000e+00     
8.3450e+01        0.0000e+00     
8.3510e+01        0.0000e+00     
8.3530e+01        0.0000e+00     
8.8560e+01        0.0000e+00     
9.0400e+01        0.0000e+00     
9.2300e+01        9.7235e-02     
9.3070e+01        3.4615e-01     
9.3780e+01        4.0000e-01     
9.4970e+01        3.6508e-01     
9.5370e+01        3.3913e-01     
9.7250e+01        2.1906e-01     
9.7700e+01        3.7500e-01     
9.8980e+01        3.2071e-01     
9.9160e+01        3.0914e-01     
1.0257e+02        3.7975e-01     
1.0276e+02        9.3966e-01     
1.0294e+02        1.0000e+00     
1.0308e+02        1.0000e+00     
1.0322e+02        1.0000e+00     
1.0332e+02        1.0000e+00     
1.0343e+02        1.0000e+00     
1.0355e+02        1.0000e+00     
1.0366e+02        1.0000e+00     
1.0384e+02        1.0000e+00     
1.0400e+02        1.0000e+00     
1.0442e+02        1.0000e+00     
1.0453e+02        1.0000e+00     
1.0472e+02        1.0000e+00     
1.0491e+02        1.0000e+00     
1.0507e+02        1.0000e+00     
1.0525e+02        1.0000e+00     
1.0557e+02        1.0000e+00     
1.0600e+02        1.0000e+00     
1.0620e+02        1.0000e+00     
1.0667e+02        1.0000e+00     
1.0674e+02        1.0000e+00     
1.0693e+02        1.0000e+00     
1.0728e+02        1.0000e+00     
1.0733e+02        1.0000e+00     
1.0742e+02        1.0000e+00     
1.0760e+02        1.0000e+00     
1.0771e+02        1.0000e+00     
1.0772e+02        1.0000e+00     
1.0809e+02        1.0000e+00     
1.0818e+02        1.0000e+00     
1.0821e+02        1.0000e+00     
1.0827e+02        1.0000e+00     
1.0833e+02        1.0000e+00     
1.0846e+02        1.0000e+00     
1.0856e+02        1.0000e+00     
1.0873e+02        1.0000e+00     
1.0882e+02        1.0000e+00     
1.0890e+02        1.0000e+00     
1.0896e+02        1.0000e+00     
1.0919e+02        1.0000e+00     
1.0940e+02        1.0000e+00     
1.0948e+02        1.0000e+00     
1.0972e+02        1.0000e+00     
1.0981e+02        1.0000e+00     
1.1017e+02        1.0000e+00     
1.1020e+02        1.0000e+00     
1.1048e+02        1.0000e+00     
1.1060e+02        1.0000e+00     
1.1081e+02        1.0000e+00     
1.1162e+02        1.0000e+00     
1.1185e+02        1.0000e+00     
1.1206e+02        1.0000e+00     
1.1215e+02        1.0000e+00     
1.1227e+02        1.0000e+00     
1.1239e+02        1.0000e+00     
1.1249e+02        1.0000e+00     
1.1264e+02        1.0000e+00     
1.1271e+02        1.0000e+00     
1.1304e+02        1.0000e+00     
1.1378e+02        1.0000e+00     
1.1429e+02        1.0000e+00     
1.1441e+02        1.0000e+00     
1.1448e+02        1.0000e+00     
1.1480e+02        1.0000e+00     
1.1486e+02        1.0000e+00     
1.1508e+02        1.0000e+00     
1.1518e+02        1.0000e+00     
1.1535e+02        1.0000e+00     
1.1570e+02        1.0000e+00     
1.1586e+02        1.0000e+00     
1.1600e+02        1.0000e+00     
1.1629e+02        1.0000e+00     
1.1638e+02        1.0000e+00     
1.1642e+02        1.0000e+00     
1.1665e+02        1.0000e+00     
1.1730e+02        1.0000e+00     
1.1795e+02        1.0000e+00     
1.1865e+02        1.0000e+00     
1.1940e+02        1.0000e+00     
1.2015e+02        1.0000e+00     
1.2085e+02        1.0000e+00     
1.2160e+02        1.0000e+00     
1.2235e+02        1.0000e+00     
1.2310e+02        1.0000e+00     
1.2385e+02        1.0000e+00     
1.2399e+02        1.0000e+00     
1.2460e+02        1.0000e+00     
1.2540e+02        1.0000e+00     
1.2620e+02        1.0000e+00     
1.2700e+02        1.0000e+00     
1.2780e+02        1.0000e+00     
1.2860e+02        1.0000e+00     
1.2945e+02        1.0000e+00     
1.3030e+02        1.0000e+00     
1.3115e+02        1.0000e+00     
1.3200e+02        1.0000e+00     
1.3285e+02        1.0000e+00     
1.3375e+02        1.0000e+00     
1.3465e+02        1.0000e+00     
1.3555e+02        1.0000e+00     
1.3650e+02        1.0000e+00     
1.3745e+02        1.0000e+00     
1.3776e+02        1.0000e+00     
1.3840e+02        1.0000e+00     
1.3935e+02        1.0000e+00     
1.4003e+02        1.0000e+00     
1.4104e+02        1.0000e+00     
1.4180e+02        1.0000e+00     
1.4202e+02        1.0000e+00     
1.4300e+02        1.0000e+00     
1.4385e+02        1.0000e+00     
1.4400e+02        1.0000e+00     
1.4498e+02        1.0000e+00     
1.4595e+02        1.0000e+00     
1.4615e+02        1.0000e+00     
1.4707e+02        1.0000e+00     
1.4790e+02        1.0000e+00     
1.4810e+02        1.0000e+00     
1.4887e+02        1.0000e+00     
1.5000e+02        1.0000e+00     
1.5035e+02        1.0000e+00     
1.5110e+02        1.0000e+00     
1.5210e+02        9.9900e-01     
1.5265e+02        9.9899e-01     
1.5302e+02        9.9894e-01     
1.5398e+02        9.9885e-01     
1.5498e+02        9.9882e-01     
1.5500e+02        9.9879e-01     
1.5510e+02        9.9873e-01     
1.5608e+02        9.9860e-01     
1.5705e+02        9.9845e-01     
1.5745e+02        9.9848e-01     
1.5803e+02        1.0000e+00     
1.5895e+02        1.0000e+00     
1.6000e+02        1.0000e+00     
1.6010e+02        1.0000e+00     
1.6101e+02        1.0000e+00     
1.6260e+02        1.0000e+00     
1.6300e+02        1.0000e+00     
1.6410e+02        1.0000e+00     
1.6510e+02        1.0000e+00     
1.6530e+02        1.0000e+00     
1.6600e+02        1.0000e+00     
1.6702e+02        1.0000e+00     
1.6800e+02        1.0000e+00     
1.6810e+02        1.0000e+00     
1.6900e+02        9.9899e-01     
1.7000e+02        9.9877e-01     
1.7095e+02        9.9861e-01     
1.7100e+02        9.9846e-01     
1.7200e+02        9.9809e-01     
1.7300e+02        1.0000e+00     
1.7315e+02        1.0000e+00     
1.7400e+02        1.0000e+00     
1.7465e+02        1.0000e+00     
1.7530e+02        6.6548e-01     
1.7560e+02        3.3223e-01     
1.7600e+02        0.0000e+00     
1.7640e+02        0.0000e+00     
1.7660e+02        0.0000e+00     
1.7680e+02        0.0000e+00     
1.7690e+02        0.0000e+00     
1.7712e+02        0.0000e+00     
1.7720e+02        0.0000e+00     
1.7740e+02        0.0000e+00     
1.7750e+02        0.0000e+00     
1.7780e+02        0.0000e+00     
1.7810e+02        0.0000e+00     
1.7830e+02        0.0000e+00     
1.7860e+02        0.0000e+00     
1.7900e+02        0.0000e+00     
1.7920e+02        0.0000e+00     
1.7921e+02        0.0000e+00     
1.7922e+02        0.0000e+00     
1.7923e+02        0.0000e+00     
1.7924e+02        0.0000e+00     
1.7925e+02        0.0000e+00     
1.7926e+02        0.0000e+00     
1.7927e+02        0.0000e+00     
1.7928e+02        0.0000e+00     
1.7929e+02        0.0000e+00     
1.7930e+02        0.0000e+00     
1.7931e+02        0.0000e+00     
1.7932e+02        0.0000e+00     
1.7933e+02        0.0000e+00     
1.7934e+02        0.0000e+00     
1.7935e+02        0.0000e+00     
1.7936e+02        0.0000e+00     
1.7937e+02        0.0000e+00     
1.7938e+02        0.0000e+00     
1.7939e+02        0.0000e+00     
1.7940e+02        0.0000e+00     
1.7941e+02        0.0000e+00     
1.7942e+02        0.0000e+00     
1.7943e+02        0.0000e+00     
1.7944e+02        0.0000e+00     
1.7945e+02        0.0000e+00     
1.7946e+02        0.0000e+00     
1.7947e+02        0.0000e+00     
1.7948e+02        0.0000e+00     
1.7949e+02        0.0000e+00     
1.7950e+02        0.0000e+00     
1.7951e+02        0.0000e+00     
1.7952e+02        0.0000e+00     
1.7953e+02        0.0000e+00     
1.7954e+02        0.0000e+00     
1.7955e+02        0.0000e+00     
1.7956e+02        0.0000e+00     
1.7957e+02        0.0000e+00     
1.7958e+02        0.0000e+00     
1.7959e+02        0.0000e+00     
1.7960e+02        0.0000e+00     
1.7961e+02        0.0000e+00     
1.7962e+02        0.0000e+00     
1.7963e+02        0.0000e+00     
1.7964e+02        0.0000e+00     
1.7965e+02        0.0000e+00     
1.7966e+02        0.0000e+00     
1.7967e+02        0.0000e+00     
1.7968e+02        0.0000e+00     
1.7969e+02        0.0000e+00     
1.7970e+02        0.0000e+00     
1.7971e+02        0.0000e+00     
1.7972e+02        0.0000e+00     
1.7973e+02        0.0000e+00     
1.7974e+02        0.0000e+00     
1.7975e+02        0.0000e+00     
1.7976e+02        0.0000e+00     
1.7977e+02        0.0000e+00     
1.7978e+02        0.0000e+00     
1.7979e+02        0.0000e+00     
1.7980e+02        0.0000e+00     
1.7981e+02        0.0000e+00     
1.7982e+02        0.0000e+00     
1.7983e+02        0.0000e+00     
1.7984e+02        0.0000e+00     
1.7985e+02        0.0000e+00     
1.7986e+02        0.0000e+00     
1.7987e+02        0.0000e+00     
1.7988e+02        0.0000e+00     
1.7989e+02        0.0000e+00     
1.7990e+02        0.0000e+00     
1.7991e+02        0.0000e+00     
1.7992e+02        0.0000e+00     
1.7993e+02        0.0000e+00     
1.7994e+02        0.0000e+00     
1.7995e+02        0.0000e+00     
1.7996e+02        0.0000e+00     
1.7997e+02        0.0000e+00     
1.7998e+02        0.0000e+00     
1.7999e+02        0.0000e+00     
1.8000e+02        0.0000e+00     
1.8001e+02        0.0000e+00     
1.8002e+02        0.0000e+00     
1.8003e+02        0.0000e+00     
1.8004e+02        0.0000e+00     
1.8005e+02        0.0000e+00     
1.8006e+02        0.0000e+00     
1.8007e+02        0.0000e+00     
1.8008e+02        0.0000e+00     
1.8009e+02        0.0000e+00     
1.8010e+02        0.0000e+00     
1.8011e+02        0.0000e+00     
1.8012e+02        0.0000e+00     
1.8013e+02        0.0000e+00     
1.8014e+02        0.0000e+00     
1.8015e+02        0.0000e+00     
1.8016e+02        0.0000e+00     
1.8017e+02        0.0000e+00     
1.8018e+02        0.0000e+00     
1.8019e+02        0.0000e+00     
1.8020e+02        0.0000e+00     
1.8021e+02        0.0000e+00     
1.8022e+02        0.0000e+00     
1.8023e+02        0.0000e+00     
1.8024e+02        0.0000e+00     
1.8025e+02        0.0000e+00     
1.8026e+02        0.0000e+00     
1.8027e+02        0.0000e+00     
1.8028e+02        0.0000e+00     
1.8029e+02        0.0000e+00     
1.8030e+02        0.0000e+00     
1.8031e+02        0.0000e+00     
1.8032e+02        0.0000e+00     
1.8033e+02        0.0000e+00     
1.8034e+02        0.0000e+00     
1.8035e+02        0.0000e+00     
1.8036e+02        0.0000e+00     
1.8037e+02        0.0000e+00     
1.8038e+02        0.0000e+00     
1.8039e+02        0.0000e+00     
1.8040e+02        0.0000e+00     
1.8041e+02        0.0000e+00     
1.8042e+02        0.0000e+00     
1.8043e+02        0.0000e+00     
1.8044e+02        0.0000e+00     
1.8045e+02        0.0000e+00     
1.8046e+02        0.0000e+00     
1.8047e+02        0.0000e+00     
1.8048e+02        0.0000e+00     
1.8049e+02        0.0000e+00     
1.8050e+02        0.0000e+00     
1.8051e+02        0.0000e+00     
1.8052e+02        0.0000e+00     
1.8053e+02        0.0000e+00     
1.8054e+02        0.0000e+00     
1.8055e+02        0.0000e+00     
1.8056e+02        0.0000e+00     
1.8057e+02        0.0000e+00     
1.8058e+02        0.0000e+00     
1.8059e+02        0.0000e+00     
1.8060e+02        0.0000e+00     
1.8061e+02        0.0000e+00     
1.8062e+02        0.0000e+00     
1.8063e+02        0.0000e+00     
1.8064e+02        0.0000e+00     
1.8065e+02        0.0000e+00     
1.8066e+02        0.0000e+00     
1.8067e+02        0.0000e+00     
1.8068e+02        0.0000e+00     
1.8069e+02        0.0000e+00     
1.8070e+02        0.0000e+00     
1.8071e+02        0.0000e+00     
1.8072e+02        0.0000e+00     
1.8073e+02        0.0000e+00     
1.8074e+02        0.0000e+00     
1.8075e+02        0.0000e+00     
1.8076e+02        0.0000e+00     
1.8077e+02        0.0000e+00     
1.8078e+02        0.0000e+00     
1.8079e+02        0.0000e+00     
1.8080e+02        0.0000e+00     
1.8081e+02        0.0000e+00     
1.8082e+02        0.0000e+00     
1.8083e+02        0.0000e+00     
1.8084e+02        0.0000e+00     
1.8085e+02        0.0000e+00     
1.8086e+02        0.0000e+00     
1.8087e+02        0.0000e+00     
1.8088e+02        0.0000e+00     
1.8089e+02        0.0000e+00     
1.8090e+02        0.0000e+00     
1.8091e+02        0.0000e+00     
1.8092e+02        0.0000e+00     
1.8093e+02        0.0000e+00     
1.8094e+02        0.0000e+00     
1.8095e+02        0.0000e+00     
1.8096e+02        0.0000e+00     
1.8097e+02        0.0000e+00     
1.8098e+02        0.0000e+00     
1.8099e+02        0.0000e+00     
1.8100e+02        0.0000e+00     
1.8101e+02        0.0000e+00     
1.8102e+02        0.0000e+00     
1.8103e+02        0.0000e+00     
1.8104e+02        0.0000e+00     
1.8105e+02        0.0000e+00     
1.8106e+02        0.0000e+00     
1.8107e+02        0.0000e+00     
1.8108e+02        0.0000e+00     
1.8109e+02        0.0000e+00     
1.8110e+02        0.0000e+00     
1.8111e+02        0.0000e+00     
1.8112e+02        0.0000e+00     
1.8113e+02        0.0000e+00     
1.8114e+02        0.0000e+00     
1.8115e+02        0.0000e+00     
1.8116e+02        0.0000e+00     
1.8117e+02        0.0000e+00     
1.8118e+02        0.0000e+00     
1.8119e+02        0.0000e+00     
1.8120e+02        0.0000e+00     
1.8121e+02        0.0000e+00     
1.8122e+02        0.0000e+00     
1.8123e+02        0.0000e+00     
1.8124e+02        0.0000e+00     
1.8125e+02        0.0000e+00     
1.8126e+02        0.0000e+00     
1.8127e+02        0.0000e+00     
1.8128e+02        0.0000e+00     
1.8129e+02        0.0000e+00     
1.8130e+02        0.0000e+00     
1.8131e+02        0.0000e+00     
1.8132e+02        0.0000e+00     
1.8133e+02        0.0000e+00     
1.8134e+02        0.0000e+00     
1.8135e+02        0.0000e+00     
1.8136e+02        0.0000e+00     
1.8137e+02        0.0000e+00     
1.8138e+02        0.0000e+00     
1.8139e+02        0.0000e+00     
1.8140e+02        0.0000e+00     
1.8141e+02        0.0000e+00     
1.8142e+02        0.0000e+00     
1.8143e+02        0.0000e+00     
1.8144e+02        0.0000e+00     
1.8145e+02        0.0000e+00     
1.8146e+02        0.0000e+00     
1.8147e+02        0.0000e+00     
1.8148e+02        0.0000e+00     
1.8149e+02        0.0000e+00     
1.8150e+02        0.0000e+00     
1.8151e+02        0.0000e+00     
1.8152e+02        0.0000e+00     
1.8153e+02        0.0000e+00     
1.8154e+02        0.0000e+00     
1.8155e+02        0.0000e+00     
1.8156e+02        0.0000e+00     
1.8157e+02        0.0000e+00     
1.8158e+02        0.0000e+00     
1.8159e+02        0.0000e+00     
1.8160e+02        0.0000e+00     
1.8161e+02        0.0000e+00     
1.8162e+02        0.0000e+00     
1.8163e+02        0.0000e+00     
1.8164e+02        0.0000e+00     
1.8165e+02        0.0000e+00     
1.8166e+02        0.0000e+00     
1.8167e+02        0.0000e+00     
1.8168e+02        0.0000e+00     
1.8169e+02        0.0000e+00     
1.8170e+02        0.0000e+00     
1.8171e+02        0.0000e+00     
1.8172e+02        0.0000e+00     
1.8173e+02        0.0000e+00     
1.8174e+02        0.0000e+00     
1.8175e+02        0.0000e+00     
1.8176e+02        0.0000e+00     
1.8177e+02        0.0000e+00     
1.8178e+02        0.0000e+00     
1.8179e+02        0.0000e+00     
1.8180e+02        0.0000e+00     
1.8181e+02        0.0000e+00     
1.8182e+02        0.0000e+00     
1.8183e+02        0.0000e+00     
1.8184e+02        0.0000e+00     
1.8185e+02        0.0000e+00     
1.8186e+02        0.0000e+00     
1.8187e+02        0.0000e+00     
1.8188e+02        0.0000e+00     
1.8189e+02        0.0000e+00     
1.8190e+02        0.0000e+00     
1.8191e+02        0.0000e+00     
1.8192e+02        0.0000e+00     
1.8193e+02        0.0000e+00     
1.8194e+02        0.0000e+00     
1.8195e+02        0.0000e+00     
1.8196e+02        0.0000e+00     
1.8197e+02        0.0000e+00     
1.8198e+02        0.0000e+00     
1.8199e+02        0.0000e+00     
1.8200e+02        0.0000e+00     
1.8201e+02        0.0000e+00     
1.8202e+02        0.0000e+00     
1.8203e+02        0.0000e+00     
1.8204e+02        0.0000e+00     
1.8205e+02        0.0000e+00     
1.8206e+02        0.0000e+00     
1.8207e+02        0.0000e+00     
1.8208e+02        0.0000e+00     
1.8209e+02        0.0000e+00     
1.8210e+02        0.0000e+00     
1.8211e+02        0.0000e+00     
1.8212e+02        0.0000e+00     
1.8213e+02        0.0000e+00     
1.8214e+02        0.0000e+00     
1.8215e+02        0.0000e+00     
1.8216e+02        0.0000e+00     
1.8217e+02        0.0000e+00     
1.8218e+02        0.0000e+00     
1.8219e+02        0.0000e+00     
1.8220e+02        0.0000e+00     
1.8221e+02        0.0000e+00     
1.8222e+02        0.0000e+00     
1.8223e+02        0.0000e+00     
1.8224e+02        0.0000e+00     
1.8225e+02        0.0000e+00     
1.8226e+02        0.0000e+00     
1.8227e+02        0.0000e+00     
1.8228e+02        0.0000e+00     
1.8229e+02        0.0000e+00     
1.8230e+02        0.0000e+00     
1.8231e+02        0.0000e+00     
1.8232e+02        0.0000e+00     
1.8233e+02        0.0000e+00     
1.8234e+02        0.0000e+00     
1.8235e+02        0.0000e+00     
1.8236e+02        0.0000e+00     
1.8237e+02        0.0000e+00     
1.8238e+02        0.0000e+00     
1.8239e+02        0.0000e+00     
1.8240e+02        0.0000e+00     
1.8241e+02        0.0000e+00     
1.8242e+02        0.0000e+00     
1.8243e+02        0.0000e+00     
1.8244e+02        0.0000e+00     
1.8245e+02        0.0000e+00     
1.8246e+02        0.0000e+00     
1.8247e+02        0.0000e+00     
1.8248e+02        0.0000e+00     
1.8249e+02        0.0000e+00     
1.8250e+02        0.0000e+00     
1.8251e+02        0.0000e+00     
1.8252e+02        0.0000e+00     
1.8253e+02        0.0000e+00     
1.8254e+02        0.0000e+00     
1.8255e+02        0.0000e+00     
1.8256e+02        0.0000e+00     
1.8257e+02        0.0000e+00     
1.8258e+02        0.0000e+00     
1.8259e+02        0.0000e+00     
1.8260e+02        0.0000e+00     
1.8261e+02        0.0000e+00     
1.8262e+02        0.0000e+00     
1.8263e+02        0.0000e+00     
1.8264e+02        0.0000e+00     
1.8265e+02        0.0000e+00     
1.8266e+02        0.0000e+00     
1.8267e+02        0.0000e+00     
1.8268e+02        0.0000e+00     
1.8269e+02        0.0000e+00     
1.8270e+02        0.0000e+00     
1.8271e+02        0.0000e+00     
1.8272e+02        0.0000e+00     
1.8273e+02        0.0000e+00     
1.8274e+02        0.0000e+00     
1.8275e+02        0.0000e+00     
1.8276e+02        0.0000e+00     
1.8277e+02        0.0000e+00     
1.8278e+02        0.0000e+00     
1.8279e+02        0.0000e+00     
1.8280e+02        0.0000e+00     
1.8281e+02        0.0000e+00     
1.8282e+02        0.0000e+00     
1.8283e+02        0.0000e+00     
1.8284e+02        0.0000e+00     
1.8285e+02        0.0000e+00     
1.8286e+02        0.0000e+00     
1.8287e+02        0.0000e+00     
1.8288e+02        0.0000e+00     
1.8289e+02        0.0000e+00     
1.8290e+02        0.0000e+00     
1.8291e+02        0.0000e+00     
1.8292e+02        0.0000e+00     
1.8293e+02        0.0000e+00     
1.8294e+02        0.0000e+00     
1.8295e+02        0.0000e+00     
1.8296e+02        0.0000e+00     
1.8297e+02        0.0000e+00     
1.8298e+02        0.0000e+00     
1.8299e+02        0.0000e+00     
1.8300e+02        0.0000e+00     
1.8301e+02        0.0000e+00     
1.8302e+02        0.0000e+00     
1.8303e+02        0.0000e+00     
1.8304e+02        0.0000e+00     
1.8305e+02        0.0000e+00     
1.8306e+02        0.0000e+00     
1.8307e+02        0.0000e+00     
1.8308e+02        0.0000e+00     
1.8309e+02        0.0000e+00     
1.8310e+02        0.0000e+00     
1.8311e+02        0.0000e+00     
1.8312e+02        0.0000e+00     
1.8313e+02        0.0000e+00     
1.8314e+02        0.0000e+00     
1.8315e+02        0.0000e+00     
1.8316e+02        0.0000e+00     
1.8317e+02        0.0000e+00     
1.8318e+02        0.0000e+00     
1.8319e+02        0.0000e+00     
1.8320e+02        0.0000e+00     
1.8321e+02        0.0000e+00     
1.8322e+02        0.0000e+00     
1.8323e+02        0.0000e+00     
1.8324e+02        0.0000e+00     
1.8325e+02        0.0000e+00     
1.8326e+02        0.0000e+00     
1.8327e+02        0.0000e+00     
1.8328e+02        0.0000e+00     
1.8329e+02        0.0000e+00     
1.8330e+02        0.0000e+00     
1.8331e+02        0.0000e+00     
1.8332e+02        0.0000e+00     
1.8333e+02        0.0000e+00     
1.8334e+02        0.0000e+00     
1.8335e+02        0.0000e+00     
1.8336e+02        0.0000e+00     
1.8337e+02        0.0000e+00     
1.8338e+02        0.0000e+00     
1.8339e+02        0.0000e+00     
1.8340e+02        0.0000e+00     
1.8341e+02        0.0000e+00     
1.8342e+02        0.0000e+00     
1.8343e+02        0.0000e+00     
1.8344e+02        0.0000e+00     
1.8345e+02        0.0000e+00     
1.8346e+02        0.0000e+00     
1.8347e+02        0.0000e+00     
1.8348e+02        0.0000e+00     
1.8349e+02        0.0000e+00     
1.8350e+02        0.0000e+00     
1.8351e+02        0.0000e+00     
1.8352e+02        0.0000e+00     
1.8353e+02        0.0000e+00     
1.8354e+02        0.0000e+00     
1.8355e+02        0.0000e+00     
1.8356e+02        0.0000e+00     
1.8357e+02        0.0000e+00     
1.8358e+02        0.0000e+00     
1.8359e+02        0.0000e+00     
1.8360e+02        0.0000e+00     
1.8361e+02        0.0000e+00     
1.8362e+02        0.0000e+00     
1.8363e+02        0.0000e+00     
1.8364e+02        0.0000e+00     
1.8365e+02        0.0000e+00     
1.8366e+02        0.0000e+00     
1.8367e+02        0.0000e+00     
1.8368e+02        0.0000e+00     
1.8369e+02        0.0000e+00     
1.8370e+02        0.0000e+00     
1.8371e+02        0.0000e+00     
1.8372e+02        0.0000e+00     
1.8373e+02        0.0000e+00     
1.8374e+02        0.0000e+00     
1.8375e+02        0.0000e+00     
1.8376e+02        0.0000e+00     
1.8377e+02        0.0000e+00     
1.8378e+02        0.0000e+00     
1.8379e+02        0.0000e+00     
1.8380e+02        0.0000e+00     
1.8381e+02        0.0000e+00     
1.8382e+02        0.0000e+00     
1.8383e+02        0.0000e+00     
1.8384e+02        0.0000e+00     
1.8385e+02        0.0000e+00     
1.8386e+02        0.0000e+00     
1.8387e+02        0.0000e+00     
1.8388e+02        0.0000e+00     
1.8389e+02        0.0000e+00     
1.8390e+02        0.0000e+00     
1.8391e+02        0.0000e+00     
1.8392e+02        0.0000e+00     
1.8393e+02        0.0000e+00     
1.8394e+02        0.0000e+00     
1.8395e+02        0.0000e+00     
1.8396e+02        0.0000e+00     
1.8397e+02        0.0000e+00     
1.8398e+02        0.0000e+00     
1.8399e+02        0.0000e+00     
1.8400e+02        0.0000e+00     
1.8401e+02        0.0000e+00     
1.8402e+02        0.0000e+00     
1.8403e+02        0.0000e+00     
1.8404e+02        0.0000e+00     
1.8405e+02        0.0000e+00     
1.8406e+02        0.0000e+00     
1.8407e+02        0.0000e+00     
1.8408e+02        0.0000e+00     
1.8409e+02        0.0000e+00     
1.8410e+02        0.0000e+00     
1.8411e+02        0.0000e+00     
1.8412e+02        0.0000e+00     
1.8413e+02        0.0000e+00     
1.8414e+02        0.0000e+00     
1.8415e+02        0.0000e+00     
1.8416e+02        0.0000e+00     
1.8417e+02        0.0000e+00     
1.8418e+02        0.0000e+00     
1.8419e+02        0.0000e+00     
1.8420e+02        0.0000e+00     
1.8421e+02        0.0000e+00     
1.8422e+02        0.0000e+00     
1.8423e+02        0.0000e+00     
1.8424e+02        0.0000e+00     
1.8425e+02        0.0000e+00     
1.8426e+02        0.0000e+00     
1.8427e+02        0.0000e+00     
1.8428e+02        0.0000e+00     
1.8429e+02        0.0000e+00     
1.8430e+02        0.0000e+00     
1.8431e+02        0.0000e+00     
1.8432e+02        0.0000e+00     
1.8433e+02        0.0000e+00     
1.8434e+02        0.0000e+00     
1.8435e+02        0.0000e+00     
1.8436e+02        0.0000e+00     
1.8437e+02        0.0000e+00     
1.8438e+02        0.0000e+00     
1.8439e+02        0.0000e+00     
1.8440e+02        0.0000e+00     
1.8441e+02        0.0000e+00     
1.8442e+02        0.0000e+00     
1.8443e+02        0.0000e+00     
1.8444e+02        0.0000e+00     
1.8445e+02        0.0000e+00     
1.8446e+02        0.0000e+00     
1.8447e+02        0.0000e+00     
1.8448e+02        0.0000e+00     
1.8449e+02        0.0000e+00     
1.8450e+02        0.0000e+00     
1.8451e+02        0.0000e+00     
1.8452e+02        0.0000e+00     
1.8453e+02        0.0000e+00     
1.8454e+02        0.0000e+00     
1.8455e+02        0.0000e+00     
1.8456e+02        0.0000e+00     
1.8457e+02        0.0000e+00     
1.8458e+02        0.0000e+00     
1.8459e+02        0.0000e+00     
1.8460e+02        0.0000e+00     
1.8461e+02        0.0000e+00     
1.8462e+02        0.0000e+00     
1.8463e+02        0.0000e+00     
1.8464e+02        0.0000e+00     
1.8465e+02        0.0000e+00     
1.8466e+02        0.0000e+00     
1.8467e+02        0.0000e+00     
1.8468e+02        0.0000e+00     
1.8469e+02        0.0000e+00     
1.8470e+02        0.0000e+00     
1.8471e+02        0.0000e+00     
1.8472e+02        0.0000e+00     
1.8473e+02        0.0000e+00     
1.8474e+02        0.0000e+00     
1.8475e+02        0.0000e+00     
1.8476e+02        0.0000e+00     
1.8477e+02        0.0000e+00     
1.8478e+02        0.0000e+00     
1.8479e+02        0.0000e+00     
1.8480e+02        0.0000e+00     
1.8481e+02        0.0000e+00     
1.8482e+02        0.0000e+00     
1.8483e+02        0.0000e+00     
1.8484e+02        0.0000e+00     
1.8485e+02        0.0000e+00     
1.8486e+02        0.0000e+00     
1.8487e+02        0.0000e+00     
1.8488e+02        0.0000e+00     
1.8489e+02        0.0000e+00     
1.8490e+02        0.0000e+00     
1.8491e+02        0.0000e+00     
1.8492e+02        0.0000e+00     
1.8493e+02        0.0000e+00     
1.8494e+02        0.0000e+00     
1.8495e+02        0.0000e+00     
1.8496e+02        0.0000e+00     
1.8497e+02        0.0000e+00     
1.8498e+02        0.0000e+00     
1.8499e+02        0.0000e+00     
1.8500e+02        0.0000e+00     
1.8501e+02        0.0000e+00     
1.8502e+02        0.0000e+00     
1.8503e+02        0.0000e+00     
1.8504e+02        0.0000e+00     
1.8505e+02        0.0000e+00     
1.8506e+02        0.0000e+00     
1.8507e+02        0.0000e+00     
1.8508e+02        0.0000e+00     
1.8509e+02        0.0000e+00     
1.8510e+02        0.0000e+00     
1.8511e+02        0.0000e+00     
1.8512e+02        0.0000e+00     
1.8513e+02        0.0000e+00     
1.8514e+02        0.0000e+00     
1.8515e+02        0.0000e+00     
1.8516e+02        0.0000e+00     
1.8517e+02        0.0000e+00     
1.8518e+02        0.0000e+00     
1.8519e+02        0.0000e+00     
1.8520e+02        0.0000e+00     
1.8521e+02        0.0000e+00     
1.8522e+02        0.0000e+00     
1.8523e+02        0.0000e+00     
1.8524e+02        0.0000e+00     
1.8525e+02        0.0000e+00     
1.8526e+02        0.0000e+00     
1.8527e+02        0.0000e+00     
1.8528e+02        0.0000e+00     
1.8529e+02        0.0000e+00     
1.8530e+02        0.0000e+00     
1.8531e+02        0.0000e+00     
1.8532e+02        0.0000e+00     
1.8533e+02        0.0000e+00     
1.8534e+02        0.0000e+00     
1.8535e+02        0.0000e+00     
1.8536e+02        0.0000e+00     
1.8537e+02        0.0000e+00     
1.8538e+02        0.0000e+00     
1.8539e+02        0.0000e+00     
1.8540e+02        0.0000e+00     
1.8541e+02        0.0000e+00     
1.8542e+02        0.0000e+00     
1.8543e+02        0.0000e+00     
1.8544e+02        0.0000e+00     
1.8545e+02        0.0000e+00     
1.8546e+02        0.0000e+00     
1.8547e+02        0.0000e+00     
1.8548e+02        0.0000e+00     
1.8549e+02        0.0000e+00     
1.8550e+02        0.0000e+00     
1.8551e+02        0.0000e+00     
1.8552e+02        0.0000e+00     
1.8553e+02        0.0000e+00     
1.8554e+02        0.0000e+00     
1.8555e+02        0.0000e+00     
1.8556e+02        0.0000e+00     
1.8557e+02        0.0000e+00     
1.8558e+02        0.0000e+00     
1.8559e+02        0.0000e+00     
1.8560e+02        0.0000e+00     
1.8561e+02        0.0000e+00     
1.8562e+02        0.0000e+00     
1.8563e+02        0.0000e+00     
1.8564e+02        0.0000e+00     
1.8565e+02        0.0000e+00     
1.8566e+02        0.0000e+00     
1.8567e+02        0.0000e+00     
1.8568e+02        0.0000e+00     
1.8569e+02        0.0000e+00     
1.8570e+02        0.0000e+00     
1.8571e+02        0.0000e+00     
1.8572e+02        0.0000e+00     
1.8573e+02        0.0000e+00     
1.8574e+02        0.0000e+00     
1.8575e+02        0.0000e+00     
1.8576e+02        0.0000e+00     
1.8577e+02        0.0000e+00     
1.8578e+02        0.0000e+00     
1.8579e+02        0.0000e+00     
1.8580e+02        0.0000e+00     
1.8581e+02        0.0000e+00     
1.8582e+02        0.0000e+00     
1.8583e+02        0.0000e+00     
1.8584e+02        0.0000e+00     
1.8585e+02        0.0000e+00     
1.8586e+02        0.0000e+00     
1.8587e+02        0.0000e+00     
1.8588e+02        0.0000e+00     
1.8589e+02        0.0000e+00     
1.8590e+02        0.0000e+00     
1.8591e+02        0.0000e+00     
1.8592e+02        0.0000e+00     
1.8593e+02        0.0000e+00     
1.8594e+02        0.0000e+00     
1.8595e+02        0.0000e+00     
1.8596e+02        0.0000e+00     
1.8597e+02        0.0000e+00     
1.8598e+02        0.0000e+00     
1.8599e+02        0.0000e+00     
1.8600e+02        0.0000e+00     
1.8601e+02        0.0000e+00     
1.8602e+02        0.0000e+00     
1.8603e+02        0.0000e+00     
1.8604e+02        0.0000e+00     
1.8605e+02        0.0000e+00     
1.8606e+02        0.0000e+00     
1.8607e+02        0.0000e+00     
1.8608e+02        0.0000e+00     
1.8609e+02        0.0000e+00     
1.8610e+02        0.0000e+00     
1.8611e+02        0.0000e+00     
1.8612e+02        0.0000e+00     
1.8613e+02        0.0000e+00     
1.8614e+02        0.0000e+00     
1.8615e+02        0.0000e+00     
1.8616e+02        0.0000e+00     
1.8617e+02        0.0000e+00     
1.8618e+02        0.0000e+00     
1.8619e+02        0.0000e+00     
1.8620e+02        0.0000e+00     
1.8621e+02        0.0000e+00     
1.8622e+02        0.0000e+00     
1.8623e+02        0.0000e+00     
1.8624e+02        0.0000e+00     
1.8625e+02        0.0000e+00     
1.8626e+02        0.0000e+00     
1.8627e+02        0.0000e+00     
1.8628e+02        0.0000e+00     
1.8629e+02        0.0000e+00     
1.8630e+02        0.0000e+00     
1.8631e+02        0.0000e+00     
1.8632e+02        0.0000e+00     
1.8633e+02        0.0000e+00     
1.8634e+02        0.0000e+00     
1.8635e+02        0.0000e+00     
1.8636e+02        0.0000e+00     
1.8637e+02        0.0000e+00     
1.8638e+02        0.0000e+00     
1.8639e+02        0.0000e+00     
1.8640e+02        0.0000e+00     
1.8641e+02        0.0000e+00     
1.8642e+02        0.0000e+00     
1.8643e+02        0.0000e+00     
1.8644e+02        0.0000e+00     
1.8645e+02        0.0000e+00     
1.8646e+02        0.0000e+00     
1.8647e+02        0.0000e+00     
1.8648e+02        0.0000e+00     
1.8649e+02        0.0000e+00     
1.8650e+02        0.0000e+00     
1.8651e+02        0.0000e+00     
1.8652e+02        0.0000e+00     
1.8653e+02        0.0000e+00     
1.8654e+02        0.0000e+00     
1.8655e+02        0.0000e+00     
1.8656e+02        0.0000e+00     
1.8657e+02        0.0000e+00     
1.8658e+02        0.0000e+00     
1.8659e+02        0.0000e+00     
1.8660e+02        0.0000e+00     
1.8661e+02        0.0000e+00     
1.8662e+02        0.0000e+00     
1.8663e+02        0.0000e+00     
1.8664e+02        0.0000e+00     
1.8665e+02        0.0000e+00     
1.8666e+02        0.0000e+00     
1.8667e+02        0.0000e+00     
1.8668e+02        0.0000e+00     
1.8669e+02        0.0000e+00     
1.8670e+02        0.0000e+00     
1.8671e+02        0.0000e+00     
1.8672e+02        0.0000e+00     
1.8673e+02        0.0000e+00     
1.8674e+02        0.0000e+00     
1.8675e+02        0.0000e+00     
1.8676e+02        0.0000e+00     
1.8677e+02        0.0000e+00     
1.8678e+02        0.0000e+00     
1.8679e+02        0.0000e+00     
1.8680e+02        0.0000e+00     
1.8681e+02        0.0000e+00     
1.8682e+02        0.0000e+00     
1.8683e+02        0.0000e+00     
1.8684e+02        0.0000e+00     
1.8685e+02        0.0000e+00     
1.8686e+02        0.0000e+00     
1.8687e+02        0.0000e+00     
1.8688e+02        0.0000e+00     
1.8689e+02        0.0000e+00     
1.8690e+02        0.0000e+00     
1.8691e+02        0.0000e+00     
1.8692e+02        0.0000e+00     
1.8693e+02        0.0000e+00     
1.8694e+02        0.0000e+00     
1.8695e+02        0.0000e+00     
1.8696e+02        0.0000e+00     
1.8697e+02        0.0000e+00     
1.8698e+02        0.0000e+00     
1.8699e+02        0.0000e+00     
1.8700e+02        0.0000e+00     
1.8701e+02        0.0000e+00     
1.8702e+02        0.0000e+00     
1.8703e+02        0.0000e+00     
1.8704e+02        0.0000e+00     
1.8705e+02        0.0000e+00     
1.8706e+02        0.0000e+00     
1.8707e+02        0.0000e+00     
1.8708e+02        0.0000e+00     
1.8709e+02        0.0000e+00     
1.8710e+02        0.0000e+00     
1.8711e+02        0.0000e+00     
1.8712e+02        0.0000e+00     
1.8713e+02        0.0000e+00     
1.8714e+02        0.0000e+00     
1.8715e+02        0.0000e+00     
1.8716e+02        0.0000e+00     
1.8717e+02        0.0000e+00     
1.8718e+02        0.0000e+00     
1.8719e+02        0.0000e+00     
1.8720e+02        0.0000e+00     
1.8721e+02        0.0000e+00     
1.8722e+02        0.0000e+00     
1.8723e+02        0.0000e+00     
1.8724e+02        0.0000e+00     
1.8725e+02        0.0000e+00     
1.8726e+02        0.0000e+00     
1.8727e+02        0.0000e+00     
1.8728e+02        0.0000e+00     
1.8729e+02        0.0000e+00     
1.8730e+02        0.0000e+00     
1.8731e+02        0.0000e+00     
1.8732e+02        0.0000e+00     
1.8733e+02        0.0000e+00     
1.8734e+02        0.0000e+00     
1.8735e+02        0.0000e+00     
1.8736e+02        0.0000e+00     
1.8737e+02        0.0000e+00     
1.8738e+02        0.0000e+00     
1.8739e+02        0.0000e+00     
1.8740e+02        0.0000e+00     
1.8741e+02        0.0000e+00     
1.8742e+02        0.0000e+00     
1.8743e+02        0.0000e+00     
1.8744e+02        0.0000e+00     
1.8745e+02        0.0000e+00     
1.8746e+02        0.0000e+00     
1.8747e+02        0.0000e+00     
1.8748e+02        0.0000e+00     
1.8749e+02        0.0000e+00     
1.8750e+02        0.0000e+00     
1.8751e+02        0.0000e+00     
1.8752e+02        0.0000e+00     
1.8753e+02        0.0000e+00     
1.8754e+02        0.0000e+00     
1.8755e+02        0.0000e+00     
1.8756e+02        0.0000e+00     
1.8757e+02        0.0000e+00     
1.8758e+02        0.0000e+00     
1.8759e+02        0.0000e+00     
1.8760e+02        0.0000e+00     
1.8761e+02        0.0000e+00     
1.8762e+02        0.0000e+00     
1.8763e+02        0.0000e+00     
1.8764e+02        0.0000e+00     
1.8765e+02        0.0000e+00     
1.8766e+02        0.0000e+00     
1.8767e+02        0.0000e+00     
1.8768e+02        0.0000e+00     
1.8769e+02        0.0000e+00     
1.8770e+02        0.0000e+00     
1.8771e+02        0.0000e+00     
1.8772e+02        0.0000e+00     
1.8773e+02        0.0000e+00     
1.8774e+02        0.0000e+00     
1.8775e+02        0.0000e+00     
1.8776e+02        0.0000e+00     
1.8777e+02        0.0000e+00     
1.8778e+02        0.0000e+00     
1.8779e+02        0.0000e+00     
1.8780e+02        0.0000e+00     
1.8781e+02        0.0000e+00     
1.8782e+02        0.0000e+00     
1.8783e+02        0.0000e+00     
1.8784e+02        0.0000e+00     
1.8785e+02        0.0000e+00     
1.8786e+02        0.0000e+00     
1.8787e+02        0.0000e+00     
1.8788e+02        0.0000e+00     
1.8789e+02        0.0000e+00     
1.8790e+02        0.0000e+00     
1.8791e+02        0.0000e+00     
1.8792e+02        0.0000e+00     
1.8793e+02        0.0000e+00     
1.8794e+02        0.0000e+00     
1.8795e+02        0.0000e+00     
1.8796e+02        0.0000e+00     
1.8797e+02        0.0000e+00     
1.8798e+02        0.0000e+00     
1.8799e+02        0.0000e+00     
1.8800e+02        0.0000e+00     
1.8801e+02        0.0000e+00     
1.8802e+02        0.0000e+00     
1.8803e+02        0.0000e+00     
1.8804e+02        0.0000e+00     
1.8805e+02        0.0000e+00     
1.8806e+02        0.0000e+00     
1.8807e+02        0.0000e+00     
1.8808e+02        0.0000e+00     
1.8809e+02        0.0000e+00     
1.8810e+02        0.0000e+00     
1.8811e+02        0.0000e+00     
1.8812e+02        0.0000e+00     
1.8813e+02        0.0000e+00     
1.8814e+02        0.0000e+00     
1.8815e+02        0.0000e+00     
1.8816e+02        0.0000e+00     
1.8817e+02        0.0000e+00     
1.8818e+02        0.0000e+00     
1.8819e+02        0.0000e+00     
1.8820e+02        0.0000e+00     
1.8821e+02        0.0000e+00     
1.8822e+02        0.0000e+00     
1.8823e+02        0.0000e+00     
1.8824e+02        0.0000e+00     
1.8825e+02        0.0000e+00     
1.8826e+02        0.0000e+00     
1.8827e+02        0.0000e+00     
1.8828e+02        0.0000e+00     
1.8829e+02        0.0000e+00     
1.8830e+02        0.0000e+00     
1.8831e+02        0.0000e+00     
1.8832e+02        0.0000e+00     
1.8833e+02        0.0000e+00     
1.8834e+02        0.0000e+00     
1.8835e+02        0.0000e+00     
1.8836e+02        0.0000e+00     
1.8837e+02        0.0000e+00     
1.8838e+02        0.0000e+00     
1.8839e+02        0.0000e+00     
1.8840e+02        0.0000e+00     
1.8841e+02        0.0000e+00     
1.8842e+02        0.0000e+00     
1.8843e+02        0.0000e+00     
1.8844e+02        0.0000e+00     
1.8845e+02        0.0000e+00     
1.8846e+02        0.0000e+00     
1.8847e+02        0.0000e+00     
1.8848e+02        0.0000e+00     
1.8849e+02        0.0000e+00     
1.8850e+02        0.0000e+00     
1.8851e+02        0.0000e+00     
1.8852e+02        0.0000e+00     
1.8853e+02        0.0000e+00     
1.8854e+02        0.0000e+00     
1.8855e+02        0.0000e+00     
1.8856e+02        0.0000e+00     
1.8857e+02        0.0000e+00     
1.8858e+02        0.0000e+00     
1.8859e+02        0.0000e+00     
1.8860e+02        0.0000e+00     
1.8861e+02        0.0000e+00     
1.8862e+02        0.0000e+00     
1.8863e+02        0.0000e+00     
1.8864e+02        0.0000e+00     
1.8865e+02        0.0000e+00     
1.8866e+02        0.0000e+00     
1.8867e+02        0.0000e+00     
1.8868e+02        0.0000e+00     
1.8869e+02        0.0000e+00     
1.8870e+02        0.0000e+00     
1.8871e+02        0.0000e+00     
1.8872e+02        0.0000e+00     
1.8873e+02        0.0000e+00     
1.8874e+02        0.0000e+00     
1.8875e+02        0.0000e+00     
1.8876e+02        0.0000e+00     
1.8877e+02        0.0000e+00     
1.8878e+02        0.0000e+00     
1.8879e+02        0.0000e+00     
1.8880e+02        0.0000e+00     
1.8881e+02        0.0000e+00     
1.8882e+02        0.0000e+00     
1.8883e+02        0.0000e+00     
1.8884e+02        0.0000e+00     
1.8885e+02        0.0000e+00     
1.8886e+02        0.0000e+00     
1.8887e+02        0.0000e+00     
1.8888e+02        0.0000e+00     
1.8889e+02        0.0000e+00     
1.8890e+02        0.0000e+00     
1.8891e+02        0.0000e+00     
1.8892e+02        0.0000e+00     
1.8893e+02        0.0000e+00     
1.8894e+02        0.0000e+00     
1.8895e+02        0.0000e+00     
1.8896e+02        0.0000e+00     
1.8897e+02        0.0000e+00     
1.8898e+02        0.0000e+00     
1.8899e+02        0.0000e+00     
1.8900e+02        0.0000e+00     
1.8901e+02        0.0000e+00     
1.8902e+02        0.0000e+00     
1.8903e+02        0.0000e+00     
1.8904e+02        0.0000e+00     
1.8905e+02        0.0000e+00     
1.8906e+02        0.0000e+00     
1.8907e+02        0.0000e+00     
1.8908e+02        0.0000e+00     
1.8909e+02        0.0000e+00     
1.8910e+02        0.0000e+00     
1.8911e+02        0.0000e+00     
1.8912e+02        0.0000e+00     
1.8913e+02        0.0000e+00     
1.8914e+02        0.0000e+00     
1.8915e+02        0.0000e+00     
1.8916e+02        0.0000e+00     
1.8917e+02        0.0000e+00     
1.8918e+02        0.0000e+00     
1.8919e+02        0.0000e+00     
1.8920e+02        0.0000e+00     
1.8921e+02        0.0000e+00     
1.8922e+02        0.0000e+00     
1.8923e+02        0.0000e+00     
1.8924e+02        0.0000e+00     
1.8925e+02        0.0000e+00     
1.8926e+02        0.0000e+00     
1.8927e+02        0.0000e+00     
1.8928e+02        0.0000e+00     
1.8929e+02        0.0000e+00     
1.8930e+02        0.0000e+00     
1.8931e+02        0.0000e+00     
1.8932e+02        0.0000e+00     
1.8933e+02        0.0000e+00     
1.8934e+02        0.0000e+00     
1.8935e+02        0.0000e+00     
1.8936e+02        0.0000e+00     
1.8937e+02        0.0000e+00     
1.8938e+02        0.0000e+00     
1.8939e+02        0.0000e+00     
1.8940e+02        0.0000e+00     
1.8941e+02        0.0000e+00     
1.8942e+02        0.0000e+00     
1.8943e+02        0.0000e+00     
1.8944e+02        0.0000e+00     
1.8945e+02        0.0000e+00     
1.8946e+02        0.0000e+00     
1.8947e+02        0.0000e+00     
1.8948e+02        0.0000e+00     
1.8949e+02        0.0000e+00     
1.8950e+02        0.0000e+00     
1.8951e+02        0.0000e+00     
1.8952e+02        0.0000e+00     
1.8953e+02        0.0000e+00     
1.8954e+02        0.0000e+00     
1.8955e+02        0.0000e+00     
1.8956e+02        0.0000e+00     
1.8957e+02        0.0000e+00     
1.8958e+02        0.0000e+00     
1.8959e+02        0.0000e+00     
1.8960e+02        0.0000e+00     
1.8961e+02        0.0000e+00     
1.8962e+02        0.0000e+00     
1.8963e+02        0.0000e+00     
1.8964e+02        0.0000e+00     
1.8965e+02        0.0000e+00     
1.8966e+02        0.0000e+00     
1.8967e+02        0.0000e+00     
1.8968e+02        0.0000e+00     
1.8969e+02        0.0000e+00     
1.8970e+02        0.0000e+00     
1.8971e+02        0.0000e+00     
1.8972e+02        0.0000e+00     
1.8973e+02        0.0000e+00     
1.8974e+02        0.0000e+00     
1.8975e+02        0.0000e+00     
1.8976e+02        0.0000e+00     
1.8977e+02        0.0000e+00     
1.8978e+02        0.0000e+00     
1.8979e+02        0.0000e+00     
1.8980e+02        0.0000e+00     
1.8981e+02        0.0000e+00     
1.8982e+02        0.0000e+00     
1.8983e+02        0.0000e+00     
1.8984e+02        0.0000e+00     
1.8985e+02        0.0000e+00     
1.8986e+02        0.0000e+00     
1.8987e+02        0.0000e+00     
1.8988e+02        0.0000e+00     
1.8989e+02        0.0000e+00     
1.8990e+02        0.0000e+00     
1.8991e+02        0.0000e+00     
1.8992e+02        0.0000e+00     
1.8993e+02        0.0000e+00     
1.8994e+02        0.0000e+00     
1.8995e+02        0.0000e+00     
1.8996e+02        0.0000e+00     
1.8997e+02        0.0000e+00     
1.8998e+02        0.0000e+00     
1.8999e+02        0.0000e+00     
1.9000e+02        0.0000e+00     
1.9001e+02        0.0000e+00     
1.9002e+02        0.0000e+00     
1.9003e+02        0.0000e+00     
1.9004e+02        0.0000e+00     
1.9005e+02        0.0000e+00     
1.9006e+02        0.0000e+00     
1.9007e+02        0.0000e+00     
1.9008e+02        0.0000e+00     
1.9009e+02        0.0000e+00     
1.9010e+02        0.0000e+00     
1.9011e+02        0.0000e+00     
1.9012e+02        0.0000e+00     
1.9013e+02        0.0000e+00     
1.9014e+02        0.0000e+00     
1.9015e+02        0.0000e+00     
1.9016e+02        0.0000e+00     
1.9017e+02        0.0000e+00     
1.9018e+02        0.0000e+00     
1.9019e+02        0.0000e+00     
1.9020e+02        0.0000e+00     
1.9021e+02        0.0000e+00     
1.9022e+02        0.0000e+00     
1.9023e+02        0.0000e+00     
1.9024e+02        0.0000e+00     
1.9025e+02        0.0000e+00     
1.9026e+02        0.0000e+00     
1.9027e+02        0.0000e+00     
1.9028e+02        0.0000e+00     
1.9029e+02        0.0000e+00     
1.9030e+02        0.0000e+00     
1.9031e+02        0.0000e+00     
1.9032e+02        0.0000e+00     
1.9033e+02        0.0000e+00     
1.9034e+02        0.0000e+00     
1.9035e+02        0.0000e+00     
1.9036e+02        0.0000e+00     
1.9037e+02        0.0000e+00     
1.9038e+02        0.0000e+00     
1.9039e+02        0.0000e+00     
1.9040e+02        0.0000e+00     
1.9041e+02        0.0000e+00     
1.9042e+02        0.0000e+00     
1.9043e+02        0.0000e+00     
1.9044e+02        0.0000e+00     
1.9045e+02        0.0000e+00     
1.9046e+02        0.0000e+00     
1.9047e+02        0.0000e+00     
1.9048e+02        0.0000e+00     
1.9049e+02        0.0000e+00     
1.9050e+02        0.0000e+00     
1.9051e+02        0.0000e+00     
1.9052e+02        0.0000e+00     
1.9053e+02        0.0000e+00     
1.9054e+02        0.0000e+00     
1.9055e+02        0.0000e+00     
1.9056e+02        0.0000e+00     
1.9057e+02        0.0000e+00     
1.9058e+02        0.0000e+00     
1.9059e+02        0.0000e+00     
1.9060e+02        0.0000e+00     
1.9061e+02        0.0000e+00     
1.9062e+02        0.0000e+00     
1.9063e+02        0.0000e+00     
1.9064e+02        0.0000e+00     
1.9065e+02        0.0000e+00     
1.9066e+02        0.0000e+00     
1.9067e+02        0.0000e+00     
1.9068e+02        0.0000e+00     
1.9069e+02        0.0000e+00     
1.9070e+02        0.0000e+00     
1.9071e+02        0.0000e+00     
1.9072e+02        0.0000e+00     
1.9073e+02        0.0000e+00     
1.9074e+02        0.0000e+00     
1.9075e+02        0.0000e+00     
1.9076e+02        0.0000e+00     
1.9077e+02        0.0000e+00     
1.9078e+02        0.0000e+00     
1.9079e+02        0.0000e+00     
1.9080e+02        0.0000e+00     
1.9081e+02        0.0000e+00     
1.9082e+02        0.0000e+00     
1.9083e+02        0.0000e+00     
1.9084e+02        0.0000e+00     
1.9085e+02        0.0000e+00     
1.9086e+02        0.0000e+00     
1.9087e+02        0.0000e+00     
1.9088e+02        0.0000e+00     
1.9089e+02        0.0000e+00     
1.9090e+02        0.0000e+00     
1.9091e+02        0.0000e+00     
1.9092e+02        0.0000e+00     
1.9093e+02        0.0000e+00     
1.9094e+02        0.0000e+00     
1.9095e+02        0.0000e+00     
1.9096e+02        0.0000e+00     
1.9097e+02        0.0000e+00     
1.9098e+02        0.0000e+00     
1.9099e+02        0.0000e+00     
1.9100e+02        0.0000e+00     
1.9101e+02        0.0000e+00     
1.9102e+02        0.0000e+00     
1.9103e+02        0.0000e+00     
1.9104e+02        0.0000e+00     
1.9105e+02        0.0000e+00     
1.9106e+02        0.0000e+00     
1.9107e+02        0.0000e+00     
1.9108e+02        0.0000e+00     
1.9109e+02        0.0000e+00     
1.9110e+02        0.0000e+00     
1.9111e+02        0.0000e+00     
1.9112e+02        0.0000e+00     
1.9113e+02        0.0000e+00     
1.9114e+02        0.0000e+00     
1.9115e+02        0.0000e+00     
1.9116e+02        0.0000e+00     
1.9117e+02        0.0000e+00     
1.9118e+02        0.0000e+00     
1.9119e+02        0.0000e+00     
1.9120e+02        0.0000e+00     
1.9121e+02        0.0000e+00     
1.9122e+02        0.0000e+00     
1.9123e+02        0.0000e+00     
1.9124e+02        0.0000e+00     
1.9125e+02        0.0000e+00     
1.9126e+02        0.0000e+00     
1.9127e+02        0.0000e+00     
1.9128e+02        0.0000e+00     
1.9129e+02        0.0000e+00     
1.9130e+02        0.0000e+00     
1.9131e+02        0.0000e+00     
1.9132e+02        0.0000e+00     
1.9133e+02        0.0000e+00     
1.9134e+02        0.0000e+00     
1.9135e+02        0.0000e+00     
1.9136e+02        0.0000e+00     
1.9137e+02        0.0000e+00     
1.9138e+02        0.0000e+00     
1.9139e+02        0.0000e+00     
1.9140e+02        0.0000e+00     
1.9141e+02        0.0000e+00     
1.9142e+02        0.0000e+00     
1.9143e+02        0.0000e+00     
1.9144e+02        0.0000e+00     
1.9145e+02        0.0000e+00     
1.9146e+02        0.0000e+00     
1.9147e+02        0.0000e+00     
1.9148e+02        0.0000e+00     
1.9149e+02        0.0000e+00     
1.9150e+02        0.0000e+00     
1.9151e+02        0.0000e+00     
1.9152e+02        0.0000e+00     
1.9153e+02        0.0000e+00     
1.9154e+02        0.0000e+00     
1.9155e+02        0.0000e+00     
1.9156e+02        0.0000e+00     
1.9157e+02        0.0000e+00     
1.9158e+02        0.0000e+00     
1.9159e+02        0.0000e+00     
1.9160e+02        0.0000e+00     
1.9161e+02        0.0000e+00     
1.9162e+02        0.0000e+00     
1.9163e+02        0.0000e+00     
1.9164e+02        0.0000e+00     
1.9165e+02        0.0000e+00     
1.9166e+02        0.0000e+00     
1.9167e+02        0.0000e+00     
1.9168e+02        0.0000e+00     
1.9169e+02        0.0000e+00     
1.9170e+02        0.0000e+00     
1.9171e+02        0.0000e+00     
1.9172e+02        0.0000e+00     
1.9173e+02        0.0000e+00     
1.9174e+02        0.0000e+00     
1.9175e+02        0.0000e+00     
1.9176e+02        0.0000e+00     
1.9177e+02        0.0000e+00     
1.9178e+02        0.0000e+00     
1.9179e+02        0.0000e+00     
1.9180e+02        0.0000e+00     
1.9181e+02        0.0000e+00     
1.9182e+02        0.0000e+00     
1.9183e+02        0.0000e+00     
1.9184e+02        0.0000e+00     
1.9185e+02        0.0000e+00     
1.9186e+02        0.0000e+00     
1.9187e+02        0.0000e+00     
1.9188e+02        0.0000e+00     
1.9189e+02        0.0000e+00     
1.9190e+02        0.0000e+00     
1.9191e+02        0.0000e+00     
1.9192e+02        0.0000e+00     
1.9193e+02        0.0000e+00     
1.9194e+02        0.0000e+00     
1.9195e+02        0.0000e+00     
1.9196e+02        0.0000e+00     
1.9197e+02        0.0000e+00     
1.9198e+02        0.0000e+00     
1.9199e+02        0.0000e+00     
1.9200e+02        0.0000e+00     
1.9201e+02        0.0000e+00     
1.9202e+02        0.0000e+00     
1.9203e+02        0.0000e+00     
1.9204e+02        0.0000e+00     
1.9205e+02        0.0000e+00     
1.9206e+02        0.0000e+00     
1.9207e+02        0.0000e+00     
1.9208e+02        0.0000e+00     
1.9209e+02        0.0000e+00     
1.9210e+02        0.0000e+00     
1.9211e+02        0.0000e+00     
1.9212e+02        0.0000e+00     
1.9213e+02        0.0000e+00     
1.9214e+02        0.0000e+00     
1.9215e+02        0.0000e+00     
1.9216e+02        0.0000e+00     
1.9217e+02        0.0000e+00     
1.9218e+02        0.0000e+00     
1.9219e+02        0.0000e+00     
1.9220e+02        0.0000e+00     
1.9221e+02        0.0000e+00     
1.9222e+02        0.0000e+00     
1.9223e+02        0.0000e+00     
1.9224e+02        0.0000e+00     
1.9225e+02        0.0000e+00     
1.9226e+02        0.0000e+00     
1.9227e+02        0.0000e+00     
1.9228e+02        0.0000e+00     
1.9229e+02        0.0000e+00     
1.9230e+02        0.0000e+00     
1.9231e+02        0.0000e+00     
1.9232e+02        0.0000e+00     
1.9233e+02        0.0000e+00     
1.9234e+02        0.0000e+00     
1.9235e+02        0.0000e+00     
1.9236e+02        0.0000e+00     
1.9237e+02        0.0000e+00     
1.9238e+02        0.0000e+00     
1.9239e+02        0.0000e+00     
1.9240e+02        0.0000e+00     
1.9241e+02        0.0000e+00     
1.9242e+02        0.0000e+00     
1.9243e+02        0.0000e+00     
1.9244e+02        0.0000e+00     
1.9245e+02        0.0000e+00     
1.9246e+02        0.0000e+00     
1.9247e+02        0.0000e+00     
1.9248e+02        0.0000e+00     
1.9249e+02        0.0000e+00     
1.9250e+02        0.0000e+00     
1.9251e+02        0.0000e+00     
1.9252e+02        0.0000e+00     
1.9253e+02        0.0000e+00     
1.9254e+02        0.0000e+00     
1.9255e+02        0.0000e+00     
1.9256e+02        0.0000e+00     
1.9257e+02        0.0000e+00     
1.9258e+02        0.0000e+00     
1.9259e+02        0.0000e+00     
1.9260e+02        0.0000e+00     
1.9261e+02        0.0000e+00     
1.9262e+02        0.0000e+00     
1.9263e+02        0.0000e+00     
1.9264e+02        0.0000e+00     
1.9265e+02        0.0000e+00     
1.9266e+02        0.0000e+00     
1.9267e+02        0.0000e+00     
1.9268e+02        0.0000e+00     
1.9269e+02        0.0000e+00     
1.9270e+02        0.0000e+00     
1.9271e+02        0.0000e+00     
1.9272e+02        0.0000e+00     
1.9273e+02        0.0000e+00     
1.9274e+02        0.0000e+00     
1.9275e+02        0.0000e+00     
1.9276e+02        0.0000e+00     
1.9277e+02        0.0000e+00     
1.9278e+02        0.0000e+00     
1.9279e+02        0.0000e+00     
1.9280e+02        0.0000e+00     
1.9281e+02        0.0000e+00     
1.9282e+02        0.0000e+00     
1.9283e+02        0.0000e+00     
1.9284e+02        0.0000e+00     
1.9285e+02        0.0000e+00     
1.9286e+02        0.0000e+00     
1.9287e+02        0.0000e+00     
1.9288e+02        0.0000e+00     
1.9289e+02        0.0000e+00     
1.9290e+02        0.0000e+00     
1.9291e+02        0.0000e+00     
1.9292e+02        0.0000e+00     
1.9293e+02        0.0000e+00     
1.9294e+02        0.0000e+00     
1.9295e+02        0.0000e+00     
1.9296e+02        0.0000e+00     
1.9297e+02        0.0000e+00     
1.9298e+02        0.0000e+00     
1.9299e+02        0.0000e+00     
1.9300e+02        0.0000e+00     
1.9301e+02        0.0000e+00     
1.9302e+02        0.0000e+00     
1.9303e+02        0.0000e+00     
1.9304e+02        0.0000e+00     
1.9305e+02        0.0000e+00     
1.9306e+02        0.0000e+00     
1.9307e+02        0.0000e+00     
1.9308e+02        0.0000e+00     
1.9309e+02        0.0000e+00     
1.9310e+02        0.0000e+00     
1.9311e+02        0.0000e+00     
1.9312e+02        0.0000e+00     
1.9313e+02        0.0000e+00     
1.9314e+02        0.0000e+00     
1.9315e+02        0.0000e+00     
1.9316e+02        0.0000e+00     
1.9317e+02        0.0000e+00     
1.9318e+02        0.0000e+00     
1.9319e+02        0.0000e+00     
1.9320e+02        0.0000e+00     
1.9321e+02        0.0000e+00     
1.9322e+02        0.0000e+00     
1.9323e+02        0.0000e+00     
1.9324e+02        0.0000e+00     
1.9325e+02        0.0000e+00     
1.9326e+02        0.0000e+00     
1.9327e+02        0.0000e+00     
1.9328e+02        0.0000e+00     
1.9329e+02        0.0000e+00     
1.9330e+02        0.0000e+00     
1.9331e+02        0.0000e+00     
1.9332e+02        0.0000e+00     
1.9333e+02        0.0000e+00     
1.9334e+02        0.0000e+00     
1.9335e+02        0.0000e+00     
1.9336e+02        0.0000e+00     
1.9337e+02        0.0000e+00     
1.9338e+02        0.0000e+00     
1.9339e+02        0.0000e+00     
1.9340e+02        0.0000e+00     
1.9341e+02        0.0000e+00     
1.9342e+02        0.0000e+00     
1.9343e+02        0.0000e+00     
1.9344e+02        0.0000e+00     
1.9345e+02        0.0000e+00     
1.9346e+02        0.0000e+00     
1.9347e+02        0.0000e+00     
1.9348e+02        0.0000e+00     
1.9349e+02        0.0000e+00     
1.9350e+02        0.0000e+00     
1.9351e+02        0.0000e+00     
1.9352e+02        0.0000e+00     
1.9353e+02        0.0000e+00     
1.9354e+02        0.0000e+00     
1.9355e+02        0.0000e+00     
1.9356e+02        0.0000e+00     
1.9357e+02        0.0000e+00     
1.9358e+02        0.0000e+00     
1.9359e+02        0.0000e+00     
1.9360e+02        0.0000e+00     
1.9361e+02        0.0000e+00     
1.9362e+02        0.0000e+00     
1.9363e+02        0.0000e+00     
1.9364e+02        0.0000e+00     
1.9365e+02        0.0000e+00     
1.9366e+02        0.0000e+00     
1.9367e+02        0.0000e+00     
1.9368e+02        0.0000e+00     
1.9369e+02        0.0000e+00     
1.9370e+02        0.0000e+00     
1.9371e+02        0.0000e+00     
1.9372e+02        0.0000e+00     
1.9373e+02        0.0000e+00     
1.9374e+02        0.0000e+00     
1.9375e+02        0.0000e+00     
1.9376e+02        0.0000e+00     
1.9377e+02        0.0000e+00     
1.9378e+02        0.0000e+00     
1.9379e+02        0.0000e+00     
1.9380e+02        0.0000e+00     
1.9381e+02        0.0000e+00     
1.9382e+02        0.0000e+00     
1.9383e+02        0.0000e+00     
1.9384e+02        0.0000e+00     
1.9385e+02        0.0000e+00     
1.9386e+02        0.0000e+00     
1.9387e+02        0.0000e+00     
1.9388e+02        0.0000e+00     
1.9389e+02        0.0000e+00     
1.9390e+02        0.0000e+00     
1.9391e+02        0.0000e+00     
1.9392e+02        0.0000e+00     
1.9393e+02        0.0000e+00     
1.9394e+02        0.0000e+00     
1.9395e+02        0.0000e+00     
1.9396e+02        0.0000e+00     
1.9397e+02        0.0000e+00     
1.9398e+02        0.0000e+00     
1.9399e+02        0.0000e+00     
1.9400e+02        0.0000e+00     
1.9401e+02        0.0000e+00     
1.9402e+02        0.0000e+00     
1.9403e+02        0.0000e+00     
1.9404e+02        0.0000e+00     
1.9405e+02        0.0000e+00     
1.9406e+02        0.0000e+00     
1.9407e+02        0.0000e+00     
1.9408e+02        0.0000e+00     
1.9409e+02        0.0000e+00     
1.9410e+02        0.0000e+00     
1.9411e+02        0.0000e+00     
1.9412e+02        0.0000e+00     
1.9413e+02        0.0000e+00     
1.9414e+02        0.0000e+00     
1.9415e+02        0.0000e+00     
1.9416e+02        0.0000e+00     
1.9417e+02        0.0000e+00     
1.9418e+02        0.0000e+00     
1.9419e+02        0.0000e+00     
1.9420e+02        0.0000e+00     
1.9421e+02        0.0000e+00     
1.9422e+02        0.0000e+00     
1.9423e+02        0.0000e+00     
1.9424e+02        0.0000e+00     
1.9425e+02        0.0000e+00     
1.9426e+02        0.0000e+00     
1.9427e+02        0.0000e+00     
1.9428e+02        0.0000e+00     
1.9429e+02        0.0000e+00     
1.9430e+02        0.0000e+00     
1.9431e+02        0.0000e+00     
1.9432e+02        0.0000e+00     
1.9433e+02        0.0000e+00     
1.9434e+02        0.0000e+00     
1.9435e+02        0.0000e+00     
1.9436e+02        0.0000e+00     
1.9437e+02        0.0000e+00     
1.9438e+02        0.0000e+00     
1.9439e+02        0.0000e+00     
1.9440e+02        0.0000e+00     
1.9441e+02        0.0000e+00     
1.9442e+02        0.0000e+00     
1.9443e+02        0.0000e+00     
1.9444e+02        0.0000e+00     
1.9445e+02        0.0000e+00     
1.9446e+02        0.0000e+00     
1.9447e+02        0.0000e+00     
1.9448e+02        0.0000e+00     
1.9449e+02        0.0000e+00     
1.9450e+02        0.0000e+00     
1.9451e+02        0.0000e+00     
1.9452e+02        0.0000e+00     
1.9453e+02        0.0000e+00     
1.9454e+02        0.0000e+00     
1.9455e+02        0.0000e+00     
1.9456e+02        0.0000e+00     
1.9457e+02        0.0000e+00     
1.9458e+02        0.0000e+00     
1.9459e+02        0.0000e+00     
1.9460e+02        0.0000e+00     
1.9461e+02        0.0000e+00     
1.9462e+02        0.0000e+00     
1.9463e+02        0.0000e+00     
1.9464e+02        0.0000e+00     
1.9465e+02        0.0000e+00     
1.9466e+02        0.0000e+00     
1.9467e+02        0.0000e+00     
1.9468e+02        0.0000e+00     
1.9469e+02        0.0000e+00     
1.9470e+02        0.0000e+00     
1.9471e+02        0.0000e+00     
1.9472e+02        0.0000e+00     
1.9473e+02        0.0000e+00     
1.9474e+02        0.0000e+00     
1.9475e+02        0.0000e+00     
1.9476e+02        0.0000e+00     
1.9477e+02        0.0000e+00     
1.9478e+02        0.0000e+00     
1.9479e+02        0.0000e+00     
1.9480e+02        0.0000e+00     
1.9481e+02        0.0000e+00     
1.9482e+02        0.0000e+00     
1.9483e+02        0.0000e+00     
1.9484e+02        0.0000e+00     
1.9485e+02        0.0000e+00     
1.9486e+02        0.0000e+00     
1.9487e+02        0.0000e+00     
1.9488e+02        0.0000e+00     
1.9489e+02        0.0000e+00     
1.9490e+02        0.0000e+00     
1.9491e+02        0.0000e+00     
1.9492e+02        0.0000e+00     
1.9493e+02        0.0000e+00     
1.9494e+02        0.0000e+00     
1.9495e+02        0.0000e+00     
1.9496e+02        0.0000e+00     
1.9497e+02        0.0000e+00     
1.9498e+02        0.0000e+00     
1.9499e+02        0.0000e+00     
1.9500e+02        0.0000e+00     
1.9501e+02        0.0000e+00     
1.9502e+02        0.0000e+00     
1.9503e+02        0.0000e+00     
1.9504e+02        0.0000e+00     
1.9505e+02        0.0000e+00     
1.9506e+02        0.0000e+00     
1.9507e+02        0.0000e+00     
1.9508e+02        0.0000e+00     
1.9509e+02        0.0000e+00     
1.9510e+02        0.0000e+00     
1.9511e+02        0.0000e+00     
1.9512e+02        0.0000e+00     
1.9513e+02        0.0000e+00     
1.9514e+02        0.0000e+00     
1.9515e+02        0.0000e+00     
1.9516e+02        0.0000e+00     
1.9517e+02        0.0000e+00     
1.9518e+02        0.0000e+00     
1.9519e+02        0.0000e+00     
1.9520e+02        0.0000e+00     
1.9521e+02        0.0000e+00     
1.9522e+02        0.0000e+00     
1.9523e+02        0.0000e+00     
1.9524e+02        0.0000e+00     
1.9525e+02        0.0000e+00     
1.9526e+02        0.0000e+00     
1.9527e+02        0.0000e+00     
1.9528e+02        0.0000e+00     
1.9529e+02        0.0000e+00     
1.9530e+02        0.0000e+00     
1.9531e+02        0.0000e+00     
1.9532e+02        0.0000e+00     
1.9533e+02        0.0000e+00     
1.9534e+02        0.0000e+00     
1.9535e+02        0.0000e+00     
1.9536e+02        0.0000e+00     
1.9537e+02        0.0000e+00     
1.9538e+02        0.0000e+00     
1.9539e+02        0.0000e+00     
1.9540e+02        0.0000e+00     
1.9541e+02        0.0000e+00     
1.9542e+02        0.0000e+00     
1.9543e+02        0.0000e+00     
1.9544e+02        0.0000e+00     
1.9545e+02        0.0000e+00     
1.9546e+02        0.0000e+00     
1.9547e+02        0.0000e+00     
1.9548e+02        0.0000e+00     
1.9549e+02        0.0000e+00     
1.9550e+02        0.0000e+00     
1.9551e+02        0.0000e+00     
1.9552e+02        0.0000e+00     
1.9553e+02        0.0000e+00     
1.9554e+02        0.0000e+00     
1.9555e+02        0.0000e+00     
1.9556e+02        0.0000e+00     
1.9557e+02        0.0000e+00     
1.9558e+02        0.0000e+00     
1.9559e+02        0.0000e+00     
1.9560e+02        0.0000e+00     
1.9561e+02        0.0000e+00     
1.9562e+02        0.0000e+00     
1.9563e+02        0.0000e+00     
1.9564e+02        0.0000e+00     
1.9565e+02        0.0000e+00     
1.9566e+02        0.0000e+00     
1.9567e+02        0.0000e+00     
1.9568e+02        0.0000e+00     
1.9569e+02        0.0000e+00     
1.9570e+02        0.0000e+00     
1.9571e+02        0.0000e+00     
1.9572e+02        0.0000e+00     
1.9573e+02        0.0000e+00     
1.9574e+02        0.0000e+00     
1.9575e+02        0.0000e+00     
1.9576e+02        0.0000e+00     
1.9577e+02        0.0000e+00     
1.9578e+02        0.0000e+00     
1.9579e+02        0.0000e+00     
1.9580e+02        0.0000e+00     
1.9581e+02        0.0000e+00     
1.9582e+02        0.0000e+00     
1.9583e+02        0.0000e+00     
1.9584e+02        0.0000e+00     
1.9585e+02        0.0000e+00     
1.9586e+02        0.0000e+00     
1.9587e+02        0.0000e+00     
1.9588e+02        0.0000e+00     
1.9589e+02        0.0000e+00     
1.9590e+02        0.0000e+00     
1.9591e+02        0.0000e+00     
1.9592e+02        0.0000e+00     
1.9593e+02        0.0000e+00     
1.9594e+02        0.0000e+00     
1.9595e+02        0.0000e+00     
1.9596e+02        0.0000e+00     
1.9597e+02        0.0000e+00     
1.9598e+02        0.0000e+00     
1.9599e+02        0.0000e+00     
1.9600e+02        0.0000e+00     
1.9601e+02        0.0000e+00     
1.9602e+02        0.0000e+00     
1.9603e+02        0.0000e+00     
1.9604e+02        0.0000e+00     
1.9605e+02        0.0000e+00     
1.9606e+02        0.0000e+00     
1.9607e+02        0.0000e+00     
1.9608e+02        0.0000e+00     
1.9609e+02        0.0000e+00     
1.9610e+02        0.0000e+00     
1.9611e+02        0.0000e+00     
1.9612e+02        0.0000e+00     
1.9613e+02        0.0000e+00     
1.9614e+02        0.0000e+00     
1.9615e+02        0.0000e+00     
1.9616e+02        0.0000e+00     
1.9617e+02        0.0000e+00     
1.9618e+02        0.0000e+00     
1.9619e+02        0.0000e+00     
1.9620e+02        0.0000e+00     
1.9621e+02        0.0000e+00     
1.9622e+02        0.0000e+00     
1.9623e+02        0.0000e+00     
1.9624e+02        0.0000e+00     
1.9625e+02        0.0000e+00     
1.9626e+02        0.0000e+00     
1.9627e+02        0.0000e+00     
1.9628e+02        0.0000e+00     
1.9629e+02        0.0000e+00     
1.9630e+02        0.0000e+00     
1.9631e+02        0.0000e+00     
1.9632e+02        0.0000e+00     
1.9633e+02        0.0000e+00     
1.9634e+02        0.0000e+00     
1.9635e+02        0.0000e+00     
1.9636e+02        0.0000e+00     
1.9637e+02        0.0000e+00     
1.9638e+02        0.0000e+00     
1.9639e+02        0.0000e+00     
1.9640e+02        0.0000e+00     
1.9641e+02        0.0000e+00     
1.9642e+02        0.0000e+00     
1.9643e+02        0.0000e+00     
1.9644e+02        0.0000e+00     
1.9645e+02        0.0000e+00     
1.9646e+02        0.0000e+00     
1.9647e+02        0.0000e+00     
1.9648e+02        0.0000e+00     
1.9649e+02        0.0000e+00     
1.9650e+02        0.0000e+00     
1.9651e+02        0.0000e+00     
1.9652e+02        0.0000e+00     
1.9653e+02        0.0000e+00     
1.9654e+02        0.0000e+00     
1.9655e+02        0.0000e+00     
1.9656e+02        0.0000e+00     
1.9657e+02        0.0000e+00     
1.9658e+02        0.0000e+00     
1.9659e+02        0.0000e+00     
1.9660e+02        0.0000e+00     
1.9661e+02        0.0000e+00     
1.9662e+02        0.0000e+00     
1.9663e+02        0.0000e+00     
1.9664e+02        0.0000e+00     
1.9665e+02        0.0000e+00     
1.9666e+02        0.0000e+00     
1.9667e+02        0.0000e+00     
1.9668e+02        0.0000e+00     
1.9669e+02        0.0000e+00     
1.9670e+02        0.0000e+00     
1.9671e+02        0.0000e+00     
1.9672e+02        0.0000e+00     
1.9673e+02        0.0000e+00     
1.9674e+02        0.0000e+00     
1.9675e+02        0.0000e+00     
1.9676e+02        0.0000e+00     
1.9677e+02        0.0000e+00     
1.9678e+02        0.0000e+00     
1.9679e+02        0.0000e+00     
1.9680e+02        0.0000e+00     
1.9681e+02        0.0000e+00     
1.9682e+02        0.0000e+00     
1.9683e+02        0.0000e+00     
1.9684e+02        0.0000e+00     
1.9685e+02        0.0000e+00     
1.9686e+02        0.0000e+00     
1.9687e+02        0.0000e+00     
1.9688e+02        0.0000e+00     
1.9689e+02        0.0000e+00     
1.9690e+02        0.0000e+00     
1.9691e+02        0.0000e+00     
1.9692e+02        0.0000e+00     
1.9693e+02        0.0000e+00     
1.9694e+02        0.0000e+00     
1.9695e+02        0.0000e+00     
1.9696e+02        0.0000e+00     
1.9697e+02        0.0000e+00     
1.9698e+02        0.0000e+00     
1.9699e+02        0.0000e+00     
1.9700e+02        0.0000e+00     
1.9701e+02        0.0000e+00     
1.9702e+02        0.0000e+00     
1.9703e+02        0.0000e+00     
1.9704e+02        0.0000e+00     
1.9705e+02        0.0000e+00     
1.9706e+02        0.0000e+00     
1.9707e+02        0.0000e+00     
1.9708e+02        0.0000e+00     
1.9709e+02        0.0000e+00     
1.9710e+02        0.0000e+00     
1.9711e+02        0.0000e+00     
1.9712e+02        0.0000e+00     
1.9713e+02        0.0000e+00     
1.9714e+02        0.0000e+00     
1.9715e+02        0.0000e+00     
1.9716e+02        0.0000e+00     
1.9717e+02        0.0000e+00     
1.9718e+02        0.0000e+00     
1.9719e+02        0.0000e+00     
1.9720e+02        0.0000e+00     
1.9721e+02        0.0000e+00     
1.9722e+02        0.0000e+00     
1.9723e+02        0.0000e+00     
1.9724e+02        0.0000e+00     
1.9725e+02        0.0000e+00     
1.9726e+02        0.0000e+00     
1.9727e+02        0.0000e+00     
1.9728e+02        0.0000e+00     
1.9729e+02        0.0000e+00     
1.9730e+02        0.0000e+00     
1.9731e+02        0.0000e+00     
1.9732e+02        0.0000e+00     
1.9733e+02        0.0000e+00     
1.9734e+02        0.0000e+00     
1.9735e+02        0.0000e+00     
1.9736e+02        0.0000e+00     
1.9737e+02        0.0000e+00     
1.9738e+02        0.0000e+00     
1.9739e+02        0.0000e+00     
1.9740e+02        0.0000e+00     
1.9741e+02        0.0000e+00     
1.9742e+02        0.0000e+00     
1.9743e+02        0.0000e+00     
1.9744e+02        0.0000e+00     
1.9745e+02        0.0000e+00     
1.9746e+02        0.0000e+00     
1.9747e+02        0.0000e+00     
1.9748e+02        0.0000e+00     
1.9749e+02        0.0000e+00     
1.9750e+02        0.0000e+00     
1.9751e+02        0.0000e+00     
1.9752e+02        0.0000e+00     
1.9753e+02        0.0000e+00     
1.9754e+02        0.0000e+00     
1.9755e+02        0.0000e+00     
1.9756e+02        0.0000e+00     
1.9757e+02        0.0000e+00     
1.9758e+02        0.0000e+00     
1.9759e+02        0.0000e+00     
1.9760e+02        0.0000e+00     
1.9761e+02        0.0000e+00     
1.9762e+02        0.0000e+00     
1.9763e+02        0.0000e+00     
1.9764e+02        0.0000e+00     
1.9765e+02        0.0000e+00     
1.9766e+02        0.0000e+00     
1.9767e+02        0.0000e+00     
1.9768e+02        0.0000e+00     
1.9769e+02        0.0000e+00     
1.9770e+02        0.0000e+00     
1.9771e+02        0.0000e+00     
1.9772e+02        0.0000e+00     
1.9773e+02        0.0000e+00     
1.9774e+02        0.0000e+00     
1.9775e+02        0.0000e+00     
1.9776e+02        0.0000e+00     
1.9777e+02        0.0000e+00     
1.9778e+02        0.0000e+00     
1.9779e+02        0.0000e+00     
1.9780e+02        0.0000e+00     
1.9781e+02        0.0000e+00     
1.9782e+02        0.0000e+00     
1.9783e+02        0.0000e+00     
1.9784e+02        0.0000e+00     
1.9785e+02        0.0000e+00     
1.9786e+02        0.0000e+00     
1.9787e+02        0.0000e+00     
1.9788e+02        0.0000e+00     
1.9789e+02        0.0000e+00     
1.9790e+02        0.0000e+00     
1.9791e+02        0.0000e+00     
1.9792e+02        0.0000e+00     
1.9793e+02        0.0000e+00     
1.9794e+02        0.0000e+00     
1.9795e+02        0.0000e+00     
1.9796e+02        0.0000e+00     
1.9797e+02        0.0000e+00     
1.9798e+02        0.0000e+00     
1.9799e+02        0.0000e+00     
1.9800e+02        0.0000e+00     
1.9801e+02        0.0000e+00     
1.9802e+02        0.0000e+00     
1.9803e+02        0.0000e+00     
1.9804e+02        0.0000e+00     
1.9805e+02        0.0000e+00     
1.9806e+02        0.0000e+00     
1.9807e+02        0.0000e+00     
1.9808e+02        0.0000e+00     
1.9809e+02        0.0000e+00     
1.9810e+02        0.0000e+00     
1.9811e+02        0.0000e+00     
1.9812e+02        0.0000e+00     
1.9813e+02        0.0000e+00     
1.9814e+02        0.0000e+00     
1.9815e+02        0.0000e+00     
1.9816e+02        0.0000e+00     
1.9817e+02        0.0000e+00     
1.9818e+02        0.0000e+00     
1.9819e+02        0.0000e+00     
1.9820e+02        0.0000e+00     
1.9821e+02        0.0000e+00     
1.9822e+02        0.0000e+00     
1.9823e+02        0.0000e+00     
1.9824e+02        0.0000e+00     
1.9825e+02        0.0000e+00     
1.9826e+02        0.0000e+00     
1.9827e+02        0.0000e+00     
1.9828e+02        0.0000e+00     
1.9829e+02        0.0000e+00     
1.9830e+02        0.0000e+00     
1.9831e+02        0.0000e+00     
1.9832e+02        0.0000e+00     
1.9833e+02        0.0000e+00     
1.9834e+02        0.0000e+00     
1.9835e+02        0.0000e+00     
1.9836e+02        0.0000e+00     
1.9837e+02        0.0000e+00     
1.9838e+02        0.0000e+00     
1.9839e+02        0.0000e+00     
1.9840e+02        0.0000e+00     
1.9841e+02        0.0000e+00     
1.9842e+02        0.0000e+00     
1.9843e+02        0.0000e+00     
1.9844e+02        0.0000e+00     
1.9845e+02        0.0000e+00     
1.9846e+02        0.0000e+00     
1.9847e+02        0.0000e+00     
1.9848e+02        0.0000e+00     
1.9849e+02        0.0000e+00     
1.9850e+02        0.0000e+00     
1.9851e+02        0.0000e+00     
1.9852e+02        0.0000e+00     
1.9853e+02        0.0000e+00     
1.9854e+02        0.0000e+00     
1.9855e+02        0.0000e+00     
1.9856e+02        0.0000e+00     
1.9857e+02        0.0000e+00     
1.9858e+02        0.0000e+00     
1.9859e+02        0.0000e+00     
1.9860e+02        0.0000e+00     
1.9861e+02        0.0000e+00     
1.9862e+02        0.0000e+00     
1.9863e+02        0.0000e+00     
1.9864e+02        0.0000e+00     
1.9865e+02        0.0000e+00     
1.9866e+02        0.0000e+00     
1.9867e+02        0.0000e+00     
1.9868e+02        0.0000e+00     
1.9869e+02        0.0000e+00     
1.9870e+02        0.0000e+00     
1.9871e+02        0.0000e+00     
1.9872e+02        0.0000e+00     
1.9873e+02        0.0000e+00     
1.9874e+02        0.0000e+00     
1.9875e+02        0.0000e+00     
1.9876e+02        0.0000e+00     
1.9877e+02        0.0000e+00     
1.9878e+02        0.0000e+00     
1.9879e+02        0.0000e+00     
1.9880e+02        0.0000e+00     
1.9881e+02        0.0000e+00     
1.9882e+02        0.0000e+00     
1.9883e+02        0.0000e+00     
1.9884e+02        0.0000e+00     
1.9885e+02        0.0000e+00     
1.9886e+02        0.0000e+00     
1.9887e+02        0.0000e+00     
1.9888e+02        0.0000e+00     
1.9889e+02        0.0000e+00     
1.9890e+02        0.0000e+00     
1.9891e+02        0.0000e+00     
1.9892e+02        0.0000e+00     
1.9893e+02        0.0000e+00     
1.9894e+02        0.0000e+00     
1.9895e+02        0.0000e+00     
1.9896e+02        0.0000e+00     
1.9897e+02        0.0000e+00     
1.9898e+02        0.0000e+00     
1.9899e+02        0.0000e+00     
1.9900e+02        0.0000e+00     
1.9901e+02        0.0000e+00     
1.9902e+02        0.0000e+00     
1.9903e+02        0.0000e+00     
1.9904e+02        0.0000e+00     
1.9905e+02        0.0000e+00     
1.9906e+02        0.0000e+00     
1.9907e+02        0.0000e+00     
1.9908e+02        0.0000e+00     
1.9909e+02        0.0000e+00     
1.9910e+02        0.0000e+00     
1.9911e+02        0.0000e+00     
1.9912e+02        0.0000e+00     
1.9913e+02        0.0000e+00     
1.9914e+02        0.0000e+00     
1.9915e+02        0.0000e+00     
1.9916e+02        0.0000e+00     
1.9917e+02        0.0000e+00     
1.9918e+02        0.0000e+00     
1.9919e+02        0.0000e+00     
1.9920e+02        0.0000e+00     
1.9921e+02        0.0000e+00     
1.9922e+02        0.0000e+00     
1.9923e+02        0.0000e+00     
1.9924e+02        0.0000e+00     
1.9925e+02        0.0000e+00     
1.9926e+02        0.0000e+00     
1.9927e+02        0.0000e+00     
1.9928e+02        0.0000e+00     
1.9929e+02        0.0000e+00     
1.9930e+02        0.0000e+00     
1.9931e+02        0.0000e+00     
1.9932e+02        0.0000e+00     
1.9933e+02        0.0000e+00     
1.9934e+02        0.0000e+00     
1.9935e+02        0.0000e+00     
1.9936e+02        0.0000e+00     
1.9937e+02        0.0000e+00     
1.9938e+02        0.0000e+00     
1.9939e+02        0.0000e+00     
1.9940e+02        0.0000e+00     
1.9941e+02        0.0000e+00     
1.9942e+02        0.0000e+00     
1.9943e+02        0.0000e+00     
1.9944e+02        0.0000e+00     
1.9945e+02        0.0000e+00     
1.9946e+02        0.0000e+00     
1.9947e+02        0.0000e+00     
1.9948e+02        0.0000e+00     
1.9949e+02        0.0000e+00     
1.9950e+02        0.0000e+00     
1.9951e+02        0.0000e+00     
1.9952e+02        0.0000e+00     
1.9953e+02        0.0000e+00     
1.9954e+02        0.0000e+00     
1.9955e+02        0.0000e+00     
1.9956e+02        0.0000e+00     
1.9957e+02        0.0000e+00     
1.9958e+02        0.0000e+00     
1.9959e+02        0.0000e+00     
1.9960e+02        0.0000e+00     
1.9961e+02        0.0000e+00     
1.9962e+02        0.0000e+00     
1.9963e+02        0.0000e+00     
1.9964e+02        0.0000e+00     
1.9965e+02        0.0000e+00     
1.9966e+02        0.0000e+00     
1.9967e+02        0.0000e+00     
1.9968e+02        0.0000e+00     
1.9969e+02        0.0000e+00     
1.9970e+02        0.0000e+00     
1.9971e+02        0.0000e+00     
1.9972e+02        0.0000e+00     
1.9973e+02        0.0000e+00     
1.9974e+02        0.0000e+00     
1.9975e+02        0.0000e+00     
1.9976e+02        0.0000e+00     
1.9977e+02        0.0000e+00     
1.9978e+02        0.0000e+00     
1.9979e+02        0.0000e+00     
1.9980e+02        0.0000e+00     
1.9981e+02        0.0000e+00     
1.9982e+02        0.0000e+00     
1.9983e+02        0.0000e+00     
1.9984e+02        0.0000e+00     
1.9985e+02        0.0000e+00     
1.9986e+02        0.0000e+00     
1.9987e+02        0.0000e+00     
1.9988e+02        0.0000e+00     
1.9989e+02        0.0000e+00     
1.9990e+02        0.0000e+00     
1.9991e+02        0.0000e+00     
1.9992e+02        0.0000e+00     
1.9993e+02        0.0000e+00     
1.9994e+02        0.0000e+00     
1.9995e+02        0.0000e+00     
1.9996e+02        0.0000e+00     
1.9997e+02        0.0000e+00     
1.9998e+02        0.0000e+00     
1.9999e+02        0.0000e+00     
2.0000e+02        0.0000e+00     
2.0001e+02        0.0000e+00     
2.0002e+02        0.0000e+00     
2.0003e+02        0.0000e+00     
2.0004e+02        0.0000e+00     
2.0005e+02        0.0000e+00     
2.0006e+02        0.0000e+00     
2.0007e+02        0.0000e+00     
2.0008e+02        0.0000e+00     
2.0009e+02        0.0000e+00     
2.0010e+02        0.0000e+00     
2.0011e+02        0.0000e+00     
2.0012e+02        0.0000e+00     
2.0013e+02        0.0000e+00     
2.0014e+02        0.0000e+00     
2.0015e+02        0.0000e+00     
2.0016e+02        0.0000e+00     
2.0017e+02        0.0000e+00     
2.0018e+02        0.0000e+00     
2.0019e+02        0.0000e+00     
2.0020e+02        0.0000e+00     
2.0021e+02        0.0000e+00     
2.0022e+02        0.0000e+00     
2.0023e+02        0.0000e+00     
2.0024e+02        0.0000e+00     
2.0025e+02        0.0000e+00     
2.0026e+02        0.0000e+00     
2.0027e+02        0.0000e+00     
2.0028e+02        0.0000e+00     
2.0029e+02        0.0000e+00     
2.0030e+02        0.0000e+00     
2.0031e+02        0.0000e+00     
2.0032e+02        0.0000e+00     
2.0033e+02        0.0000e+00     
2.0034e+02        0.0000e+00     
2.0035e+02        0.0000e+00     
2.0036e+02        0.0000e+00     
2.0037e+02        0.0000e+00     
2.0038e+02        0.0000e+00     
2.0039e+02        0.0000e+00     
2.0040e+02        0.0000e+00     
2.0041e+02        0.0000e+00     
2.0042e+02        0.0000e+00     
2.0043e+02        0.0000e+00     
2.0044e+02        0.0000e+00     
2.0045e+02        0.0000e+00     
2.0046e+02        0.0000e+00     
2.0047e+02        0.0000e+00     
2.0048e+02        0.0000e+00     
2.0049e+02        0.0000e+00     
2.0050e+02        0.0000e+00     
2.0051e+02        0.0000e+00     
2.0052e+02        0.0000e+00     
2.0053e+02        0.0000e+00     
2.0054e+02        0.0000e+00     
2.0055e+02        0.0000e+00     
2.0056e+02        0.0000e+00     
2.0057e+02        0.0000e+00     
2.0058e+02        0.0000e+00     
2.0059e+02        0.0000e+00     
2.0060e+02        0.0000e+00     
2.0061e+02        0.0000e+00     
2.0062e+02        0.0000e+00     
2.0063e+02        0.0000e+00     
2.0064e+02        0.0000e+00     
2.0065e+02        0.0000e+00     
2.0066e+02        0.0000e+00     
2.0067e+02        0.0000e+00     
2.0068e+02        0.0000e+00     
2.0069e+02        0.0000e+00     
2.0070e+02        0.0000e+00     
2.0071e+02        0.0000e+00     
2.0072e+02        0.0000e+00     
2.0073e+02        0.0000e+00     
2.0074e+02        0.0000e+00     
2.0075e+02        0.0000e+00     
2.0076e+02        0.0000e+00     
2.0077e+02        0.0000e+00     
2.0078e+02        0.0000e+00     
2.0079e+02        0.0000e+00     
2.0080e+02        0.0000e+00     
2.0081e+02        0.0000e+00     
2.0082e+02        0.0000e+00     
2.0083e+02        0.0000e+00     
2.0084e+02        0.0000e+00     
2.0085e+02        0.0000e+00     
2.0086e+02        0.0000e+00     
2.0087e+02        0.0000e+00     
2.0088e+02        0.0000e+00     
2.0089e+02        0.0000e+00     
2.0090e+02        0.0000e+00     
2.0091e+02        0.0000e+00     
2.0092e+02        0.0000e+00     
2.0093e+02        0.0000e+00     
2.0094e+02        0.0000e+00     
2.0095e+02        0.0000e+00     
2.0096e+02        0.0000e+00     
2.0097e+02        0.0000e+00     
2.0098e+02        0.0000e+00     
2.0099e+02        0.0000e+00     
2.0100e+02        0.0000e+00     
2.0101e+02        0.0000e+00     
2.0102e+02        0.0000e+00     
2.0103e+02        0.0000e+00     
2.0104e+02        0.0000e+00     
2.0105e+02        0.0000e+00     
2.0106e+02        0.0000e+00     
2.0107e+02        0.0000e+00     
2.0108e+02        0.0000e+00     
2.0109e+02        0.0000e+00     
2.0110e+02        0.0000e+00     
2.0111e+02        0.0000e+00     
2.0112e+02        0.0000e+00     
2.0113e+02        0.0000e+00     
2.0114e+02        0.0000e+00     
2.0115e+02        0.0000e+00     
2.0116e+02        0.0000e+00     
2.0117e+02        0.0000e+00     
2.0118e+02        0.0000e+00     
2.0119e+02        0.0000e+00     
2.0120e+02        0.0000e+00     
2.0121e+02        0.0000e+00     
2.0122e+02        0.0000e+00     
2.0123e+02        0.0000e+00     
2.0124e+02        0.0000e+00     
2.0125e+02        0.0000e+00     
2.0126e+02        0.0000e+00     
2.0127e+02        0.0000e+00     
2.0128e+02        0.0000e+00     
2.0129e+02        0.0000e+00     
2.0130e+02        0.0000e+00     
2.0131e+02        0.0000e+00     
2.0132e+02        0.0000e+00     
2.0133e+02        0.0000e+00     
2.0134e+02        0.0000e+00     
2.0135e+02        0.0000e+00     
2.0136e+02        0.0000e+00     
2.0137e+02        0.0000e+00     
2.0138e+02        0.0000e+00     
2.0139e+02        0.0000e+00     
2.0140e+02        0.0000e+00     
2.0141e+02        0.0000e+00     
2.0142e+02        0.0000e+00     
2.0143e+02        0.0000e+00     
2.0144e+02        0.0000e+00     
2.0145e+02        0.0000e+00     
2.0146e+02        0.0000e+00     
2.0147e+02        0.0000e+00     
2.0148e+02        0.0000e+00     
2.0149e+02        0.0000e+00     
2.0150e+02        0.0000e+00     
2.0151e+02        0.0000e+00     
2.0152e+02        0.0000e+00     
2.0200e+02        0.0000e+00     
2.0300e+02        0.0000e+00     
2.0400e+02        0.0000e+00     
2.0500e+02        0.0000e+00     
2.0600e+02        0.0000e+00     
2.0700e+02        0.0000e+00     
2.0800e+02        0.0000e+00     
2.0900e+02        0.0000e+00     
2.1000e+02        0.0000e+00     
2.1100e+02        0.0000e+00     
2.1200e+02        0.0000e+00     
2.1300e+02        0.0000e+00     
2.1400e+02        0.0000e+00     
2.1500e+02        0.0000e+00     
2.1600e+02        0.0000e+00     
2.1700e+02        0.0000e+00     
2.1800e+02        0.0000e+00     
2.1900e+02        0.0000e+00     
2.2000e+02        0.0000e+00     
2.2500e+02        0.0000e+00     
2.3000e+02        0.0000e+00     
2.3500e+02        0.0000e+00     
2.4000e+02        0.0000e+00     
2.4237e+02        0.0000e+00     
