O3_+_hv_=>_O_+_O_+_O.txt
wavelength          200K                225K                250K                275K                300K                
1.17790000e+02      7.10000000e-01      7.10000000e-01      7.10000000e-01      7.10000000e-01      7.10000000e-01      
1.17920000e+02      7.10000000e-01      7.10000000e-01      7.10000000e-01      7.10000000e-01      7.10000000e-01      
1.18060000e+02      7.10000000e-01      7.10000000e-01      7.10000000e-01      7.10000000e-01      7.10000000e-01      
1.18200000e+02      7.10000000e-01      7.10000000e-01      7.10000000e-01      7.10000000e-01      7.10000000e-01      
1.18340000e+02      7.10000000e-01      7.10000000e-01      7.10000000e-01      7.10000000e-01      7.10000000e-01      
1.18480000e+02      7.10000000e-01      7.10000000e-01      7.10000000e-01      7.10000000e-01      7.10000000e-01      
1.18620000e+02      7.10000000e-01      7.10000000e-01      7.10000000e-01      7.10000000e-01      7.10000000e-01      
1.18760000e+02      7.10000000e-01      7.10000000e-01      7.10000000e-01      7.10000000e-01      7.10000000e-01      
1.18910000e+02      7.10000000e-01      7.10000000e-01      7.10000000e-01      7.10000000e-01      7.10000000e-01      
1.19050000e+02      7.10000000e-01      7.10000000e-01      7.10000000e-01      7.10000000e-01      7.10000000e-01      
1.19190000e+02      7.10000000e-01      7.10000000e-01      7.10000000e-01      7.10000000e-01      7.10000000e-01      
1.19330000e+02      7.10000000e-01      7.10000000e-01      7.10000000e-01      7.10000000e-01      7.10000000e-01      
1.19470000e+02      7.10000000e-01      7.10000000e-01      7.10000000e-01      7.10000000e-01      7.10000000e-01      
1.19620000e+02      7.10000000e-01      7.10000000e-01      7.10000000e-01      7.10000000e-01      7.10000000e-01      
1.19760000e+02      7.10000000e-01      7.10000000e-01      7.10000000e-01      7.10000000e-01      7.10000000e-01      
1.19900000e+02      7.10000000e-01      7.10000000e-01      7.10000000e-01      7.10000000e-01      7.10000000e-01      
1.20050000e+02      7.10000000e-01      7.10000000e-01      7.10000000e-01      7.10000000e-01      7.10000000e-01      
1.20190000e+02      7.10000000e-01      7.10000000e-01      7.10000000e-01      7.10000000e-01      7.10000000e-01      
1.20340000e+02      7.10000000e-01      7.10000000e-01      7.10000000e-01      7.10000000e-01      7.10000000e-01      
1.20480000e+02      7.10000000e-01      7.10000000e-01      7.10000000e-01      7.10000000e-01      7.10000000e-01      
1.20630000e+02      7.10000000e-01      7.10000000e-01      7.10000000e-01      7.10000000e-01      7.10000000e-01      
1.20770000e+02      7.10000000e-01      7.10000000e-01      7.10000000e-01      7.10000000e-01      7.10000000e-01      
1.20920000e+02      7.10000000e-01      7.10000000e-01      7.10000000e-01      7.10000000e-01      7.10000000e-01      
1.21070000e+02      7.10000000e-01      7.10000000e-01      7.10000000e-01      7.10000000e-01      7.10000000e-01      
1.21210000e+02      7.10000000e-01      7.10000000e-01      7.10000000e-01      7.10000000e-01      7.10000000e-01      
1.21360000e+02      7.10000000e-01      7.10000000e-01      7.10000000e-01      7.10000000e-01      7.10000000e-01      
1.21510000e+02      7.10000000e-01      7.10000000e-01      7.10000000e-01      7.10000000e-01      7.10000000e-01      
1.21650000e+02      7.10000000e-01      7.10000000e-01      7.10000000e-01      7.10000000e-01      7.10000000e-01      
1.21800000e+02      7.10000000e-01      7.10000000e-01      7.10000000e-01      7.10000000e-01      7.10000000e-01      
1.21950000e+02      7.10000000e-01      7.10000000e-01      7.10000000e-01      7.10000000e-01      7.10000000e-01      
1.22100000e+02      7.10000000e-01      7.10000000e-01      7.10000000e-01      7.10000000e-01      7.10000000e-01      
1.22250000e+02      7.10000000e-01      7.10000000e-01      7.10000000e-01      7.10000000e-01      7.10000000e-01      
1.22400000e+02      7.10000000e-01      7.10000000e-01      7.10000000e-01      7.10000000e-01      7.10000000e-01      
1.22550000e+02      7.10000000e-01      7.10000000e-01      7.10000000e-01      7.10000000e-01      7.10000000e-01      
1.22700000e+02      7.10000000e-01      7.10000000e-01      7.10000000e-01      7.10000000e-01      7.10000000e-01      
1.22850000e+02      7.10000000e-01      7.10000000e-01      7.10000000e-01      7.10000000e-01      7.10000000e-01      
1.23000000e+02      7.10000000e-01      7.10000000e-01      7.10000000e-01      7.10000000e-01      7.10000000e-01      
1.23150000e+02      7.10000000e-01      7.10000000e-01      7.10000000e-01      7.10000000e-01      7.10000000e-01      
1.23300000e+02      7.10000000e-01      7.10000000e-01      7.10000000e-01      7.10000000e-01      7.10000000e-01      
1.23460000e+02      7.10000000e-01      7.10000000e-01      7.10000000e-01      7.10000000e-01      7.10000000e-01      
1.23610000e+02      7.10000000e-01      7.10000000e-01      7.10000000e-01      7.10000000e-01      7.10000000e-01      
1.23760000e+02      7.10000000e-01      7.10000000e-01      7.10000000e-01      7.10000000e-01      7.10000000e-01      
1.23920000e+02      7.10000000e-01      7.10000000e-01      7.10000000e-01      7.10000000e-01      7.10000000e-01      
1.24070000e+02      7.10000000e-01      7.10000000e-01      7.10000000e-01      7.10000000e-01      7.10000000e-01      
1.24220000e+02      7.10000000e-01      7.10000000e-01      7.10000000e-01      7.10000000e-01      7.10000000e-01      
1.24380000e+02      7.10000000e-01      7.10000000e-01      7.10000000e-01      7.10000000e-01      7.10000000e-01      
1.24530000e+02      7.10000000e-01      7.10000000e-01      7.10000000e-01      7.10000000e-01      7.10000000e-01      
1.24690000e+02      7.10000000e-01      7.10000000e-01      7.10000000e-01      7.10000000e-01      7.10000000e-01      
1.24840000e+02      7.10000000e-01      7.10000000e-01      7.10000000e-01      7.10000000e-01      7.10000000e-01      
1.25000000e+02      7.10000000e-01      7.10000000e-01      7.10000000e-01      7.10000000e-01      7.10000000e-01      
1.25160000e+02      7.10000000e-01      7.10000000e-01      7.10000000e-01      7.10000000e-01      7.10000000e-01      
1.25310000e+02      7.10000000e-01      7.10000000e-01      7.10000000e-01      7.10000000e-01      7.10000000e-01      
1.25470000e+02      7.10000000e-01      7.10000000e-01      7.10000000e-01      7.10000000e-01      7.10000000e-01      
1.25630000e+02      7.10000000e-01      7.10000000e-01      7.10000000e-01      7.10000000e-01      7.10000000e-01      
1.25790000e+02      7.10000000e-01      7.10000000e-01      7.10000000e-01      7.10000000e-01      7.10000000e-01      
1.25940000e+02      7.10000000e-01      7.10000000e-01      7.10000000e-01      7.10000000e-01      7.10000000e-01      
1.26100000e+02      7.10000000e-01      7.10000000e-01      7.10000000e-01      7.10000000e-01      7.10000000e-01      
1.26260000e+02      7.10000000e-01      7.10000000e-01      7.10000000e-01      7.10000000e-01      7.10000000e-01      
1.26420000e+02      7.10000000e-01      7.10000000e-01      7.10000000e-01      7.10000000e-01      7.10000000e-01      
1.26580000e+02      7.10000000e-01      7.10000000e-01      7.10000000e-01      7.10000000e-01      7.10000000e-01      
1.26740000e+02      7.10000000e-01      7.10000000e-01      7.10000000e-01      7.10000000e-01      7.10000000e-01      
1.26900000e+02      7.10000000e-01      7.10000000e-01      7.10000000e-01      7.10000000e-01      7.10000000e-01      
1.27060000e+02      7.10000000e-01      7.10000000e-01      7.10000000e-01      7.10000000e-01      7.10000000e-01      
1.27230000e+02      7.10000000e-01      7.10000000e-01      7.10000000e-01      7.10000000e-01      7.10000000e-01      
1.27390000e+02      7.10000000e-01      7.10000000e-01      7.10000000e-01      7.10000000e-01      7.10000000e-01      
1.27550000e+02      7.10000000e-01      7.10000000e-01      7.10000000e-01      7.10000000e-01      7.10000000e-01      
1.27710000e+02      7.10000000e-01      7.10000000e-01      7.10000000e-01      7.10000000e-01      7.10000000e-01      
1.27880000e+02      7.10000000e-01      7.10000000e-01      7.10000000e-01      7.10000000e-01      7.10000000e-01      
1.28040000e+02      7.10000000e-01      7.10000000e-01      7.10000000e-01      7.10000000e-01      7.10000000e-01      
1.28210000e+02      7.10000000e-01      7.10000000e-01      7.10000000e-01      7.10000000e-01      7.10000000e-01      
1.28370000e+02      7.10000000e-01      7.10000000e-01      7.10000000e-01      7.10000000e-01      7.10000000e-01      
1.28530000e+02      7.10000000e-01      7.10000000e-01      7.10000000e-01      7.10000000e-01      7.10000000e-01      
1.28700000e+02      7.10000000e-01      7.10000000e-01      7.10000000e-01      7.10000000e-01      7.10000000e-01      
1.28870000e+02      7.10000000e-01      7.10000000e-01      7.10000000e-01      7.10000000e-01      7.10000000e-01      
1.29030000e+02      7.10000000e-01      7.10000000e-01      7.10000000e-01      7.10000000e-01      7.10000000e-01      
1.29200000e+02      7.10000000e-01      7.10000000e-01      7.10000000e-01      7.10000000e-01      7.10000000e-01      
1.29370000e+02      7.10000000e-01      7.10000000e-01      7.10000000e-01      7.10000000e-01      7.10000000e-01      
1.29530000e+02      7.10000000e-01      7.10000000e-01      7.10000000e-01      7.10000000e-01      7.10000000e-01      
1.29700000e+02      7.10000000e-01      7.10000000e-01      7.10000000e-01      7.10000000e-01      7.10000000e-01      
1.29870000e+02      7.10000000e-01      7.10000000e-01      7.10000000e-01      7.10000000e-01      7.10000000e-01      
1.30040000e+02      7.10000000e-01      7.10000000e-01      7.10000000e-01      7.10000000e-01      7.10000000e-01      
1.30210000e+02      7.10000000e-01      7.10000000e-01      7.10000000e-01      7.10000000e-01      7.10000000e-01      
1.30380000e+02      7.10000000e-01      7.10000000e-01      7.10000000e-01      7.10000000e-01      7.10000000e-01      
1.30550000e+02      7.10000000e-01      7.10000000e-01      7.10000000e-01      7.10000000e-01      7.10000000e-01      
1.30720000e+02      7.10000000e-01      7.10000000e-01      7.10000000e-01      7.10000000e-01      7.10000000e-01      
1.30890000e+02      7.10000000e-01      7.10000000e-01      7.10000000e-01      7.10000000e-01      7.10000000e-01      
1.31060000e+02      7.10000000e-01      7.10000000e-01      7.10000000e-01      7.10000000e-01      7.10000000e-01      
1.31230000e+02      7.10000000e-01      7.10000000e-01      7.10000000e-01      7.10000000e-01      7.10000000e-01      
1.31410000e+02      7.10000000e-01      7.10000000e-01      7.10000000e-01      7.10000000e-01      7.10000000e-01      
1.31580000e+02      7.10000000e-01      7.10000000e-01      7.10000000e-01      7.10000000e-01      7.10000000e-01      
1.31750000e+02      7.10000000e-01      7.10000000e-01      7.10000000e-01      7.10000000e-01      7.10000000e-01      
1.31930000e+02      7.10000000e-01      7.10000000e-01      7.10000000e-01      7.10000000e-01      7.10000000e-01      
1.32100000e+02      7.10000000e-01      7.10000000e-01      7.10000000e-01      7.10000000e-01      7.10000000e-01      
1.32280000e+02      7.10000000e-01      7.10000000e-01      7.10000000e-01      7.10000000e-01      7.10000000e-01      
1.32450000e+02      7.10000000e-01      7.10000000e-01      7.10000000e-01      7.10000000e-01      7.10000000e-01      
1.32630000e+02      7.10000000e-01      7.10000000e-01      7.10000000e-01      7.10000000e-01      7.10000000e-01      
1.32800000e+02      7.10000000e-01      7.10000000e-01      7.10000000e-01      7.10000000e-01      7.10000000e-01      
1.32980000e+02      7.10000000e-01      7.10000000e-01      7.10000000e-01      7.10000000e-01      7.10000000e-01      
1.33160000e+02      7.10000000e-01      7.10000000e-01      7.10000000e-01      7.10000000e-01      7.10000000e-01      
1.33330000e+02      7.10000000e-01      7.10000000e-01      7.10000000e-01      7.10000000e-01      7.10000000e-01      
1.33510000e+02      7.10000000e-01      7.10000000e-01      7.10000000e-01      7.10000000e-01      7.10000000e-01      
1.33690000e+02      7.10000000e-01      7.10000000e-01      7.10000000e-01      7.10000000e-01      7.10000000e-01      
1.33870000e+02      7.10000000e-01      7.10000000e-01      7.10000000e-01      7.10000000e-01      7.10000000e-01      
1.34050000e+02      7.10000000e-01      7.10000000e-01      7.10000000e-01      7.10000000e-01      7.10000000e-01      
1.34230000e+02      7.10000000e-01      7.10000000e-01      7.10000000e-01      7.10000000e-01      7.10000000e-01      
1.34410000e+02      7.10000000e-01      7.10000000e-01      7.10000000e-01      7.10000000e-01      7.10000000e-01      
1.34590000e+02      7.10000000e-01      7.10000000e-01      7.10000000e-01      7.10000000e-01      7.10000000e-01      
1.34770000e+02      7.10000000e-01      7.10000000e-01      7.10000000e-01      7.10000000e-01      7.10000000e-01      
1.34950000e+02      7.10000000e-01      7.10000000e-01      7.10000000e-01      7.10000000e-01      7.10000000e-01      
1.35140000e+02      7.10000000e-01      7.10000000e-01      7.10000000e-01      7.10000000e-01      7.10000000e-01      
1.35320000e+02      7.10000000e-01      7.10000000e-01      7.10000000e-01      7.10000000e-01      7.10000000e-01      
1.35500000e+02      7.10000000e-01      7.10000000e-01      7.10000000e-01      7.10000000e-01      7.10000000e-01      
1.35690000e+02      7.10000000e-01      7.10000000e-01      7.10000000e-01      7.10000000e-01      7.10000000e-01      
1.35870000e+02      7.10000000e-01      7.10000000e-01      7.10000000e-01      7.10000000e-01      7.10000000e-01      
1.36050000e+02      7.10000000e-01      7.10000000e-01      7.10000000e-01      7.10000000e-01      7.10000000e-01      
1.36240000e+02      7.10000000e-01      7.10000000e-01      7.10000000e-01      7.10000000e-01      7.10000000e-01      
1.36430000e+02      7.10000000e-01      7.10000000e-01      7.10000000e-01      7.10000000e-01      7.10000000e-01      
1.36610000e+02      7.10000000e-01      7.10000000e-01      7.10000000e-01      7.10000000e-01      7.10000000e-01      
1.36800000e+02      7.10000000e-01      7.10000000e-01      7.10000000e-01      7.10000000e-01      7.10000000e-01      
1.36990000e+02      7.10000000e-01      7.10000000e-01      7.10000000e-01      7.10000000e-01      7.10000000e-01      
1.37170000e+02      7.10000000e-01      7.10000000e-01      7.10000000e-01      7.10000000e-01      7.10000000e-01      
1.37360000e+02      7.10000000e-01      7.10000000e-01      7.10000000e-01      7.10000000e-01      7.10000000e-01      
1.37550000e+02      7.10000000e-01      7.10000000e-01      7.10000000e-01      7.10000000e-01      7.10000000e-01      
1.37740000e+02      7.10000000e-01      7.10000000e-01      7.10000000e-01      7.10000000e-01      7.10000000e-01      
1.37930000e+02      7.10000000e-01      7.10000000e-01      7.10000000e-01      7.10000000e-01      7.10000000e-01      
1.38120000e+02      7.10000000e-01      7.10000000e-01      7.10000000e-01      7.10000000e-01      7.10000000e-01      
1.38310000e+02      7.10000000e-01      7.10000000e-01      7.10000000e-01      7.10000000e-01      7.10000000e-01      
1.38500000e+02      7.10000000e-01      7.10000000e-01      7.10000000e-01      7.10000000e-01      7.10000000e-01      
1.38700000e+02      7.10000000e-01      7.10000000e-01      7.10000000e-01      7.10000000e-01      7.10000000e-01      
1.38890000e+02      7.10000000e-01      7.10000000e-01      7.10000000e-01      7.10000000e-01      7.10000000e-01      
1.39080000e+02      7.10000000e-01      7.10000000e-01      7.10000000e-01      7.10000000e-01      7.10000000e-01      
1.39280000e+02      7.10000000e-01      7.10000000e-01      7.10000000e-01      7.10000000e-01      7.10000000e-01      
1.39470000e+02      7.10000000e-01      7.10000000e-01      7.10000000e-01      7.10000000e-01      7.10000000e-01      
1.39660000e+02      7.10000000e-01      7.10000000e-01      7.10000000e-01      7.10000000e-01      7.10000000e-01      
1.39860000e+02      7.10000000e-01      7.10000000e-01      7.10000000e-01      7.10000000e-01      7.10000000e-01      
1.40060000e+02      7.10000000e-01      7.10000000e-01      7.10000000e-01      7.10000000e-01      7.10000000e-01      
1.40250000e+02      7.10000000e-01      7.10000000e-01      7.10000000e-01      7.10000000e-01      7.10000000e-01      
1.40450000e+02      7.10000000e-01      7.10000000e-01      7.10000000e-01      7.10000000e-01      7.10000000e-01      
1.40650000e+02      7.10000000e-01      7.10000000e-01      7.10000000e-01      7.10000000e-01      7.10000000e-01      
1.40850000e+02      7.10000000e-01      7.10000000e-01      7.10000000e-01      7.10000000e-01      7.10000000e-01      
1.41040000e+02      7.10000000e-01      7.10000000e-01      7.10000000e-01      7.10000000e-01      7.10000000e-01      
1.41240000e+02      7.10000000e-01      7.10000000e-01      7.10000000e-01      7.10000000e-01      7.10000000e-01      
1.41440000e+02      7.10000000e-01      7.10000000e-01      7.10000000e-01      7.10000000e-01      7.10000000e-01      
1.41640000e+02      7.10000000e-01      7.10000000e-01      7.10000000e-01      7.10000000e-01      7.10000000e-01      
1.41840000e+02      7.10000000e-01      7.10000000e-01      7.10000000e-01      7.10000000e-01      7.10000000e-01      
1.42050000e+02      7.10000000e-01      7.10000000e-01      7.10000000e-01      7.10000000e-01      7.10000000e-01      
1.42250000e+02      7.10000000e-01      7.10000000e-01      7.10000000e-01      7.10000000e-01      7.10000000e-01      
1.42450000e+02      7.10000000e-01      7.10000000e-01      7.10000000e-01      7.10000000e-01      7.10000000e-01      
1.42650000e+02      7.10000000e-01      7.10000000e-01      7.10000000e-01      7.10000000e-01      7.10000000e-01      
1.42860000e+02      7.10000000e-01      7.10000000e-01      7.10000000e-01      7.10000000e-01      7.10000000e-01      
1.43060000e+02      7.10000000e-01      7.10000000e-01      7.10000000e-01      7.10000000e-01      7.10000000e-01      
1.43270000e+02      7.10000000e-01      7.10000000e-01      7.10000000e-01      7.10000000e-01      7.10000000e-01      
1.43470000e+02      7.10000000e-01      7.10000000e-01      7.10000000e-01      7.10000000e-01      7.10000000e-01      
1.43680000e+02      7.10000000e-01      7.10000000e-01      7.10000000e-01      7.10000000e-01      7.10000000e-01      
1.43880000e+02      7.10000000e-01      7.10000000e-01      7.10000000e-01      7.10000000e-01      7.10000000e-01      
1.44090000e+02      7.10000000e-01      7.10000000e-01      7.10000000e-01      7.10000000e-01      7.10000000e-01      
1.44300000e+02      7.10000000e-01      7.10000000e-01      7.10000000e-01      7.10000000e-01      7.10000000e-01      
1.44510000e+02      7.10000000e-01      7.10000000e-01      7.10000000e-01      7.10000000e-01      7.10000000e-01      
1.44720000e+02      7.10000000e-01      7.10000000e-01      7.10000000e-01      7.10000000e-01      7.10000000e-01      
1.44930000e+02      7.10000000e-01      7.10000000e-01      7.10000000e-01      7.10000000e-01      7.10000000e-01      
1.45140000e+02      7.10000000e-01      7.10000000e-01      7.10000000e-01      7.10000000e-01      7.10000000e-01      
1.45350000e+02      7.10000000e-01      7.10000000e-01      7.10000000e-01      7.10000000e-01      7.10000000e-01      
1.45560000e+02      7.10000000e-01      7.10000000e-01      7.10000000e-01      7.10000000e-01      7.10000000e-01      
1.45770000e+02      7.10000000e-01      7.10000000e-01      7.10000000e-01      7.10000000e-01      7.10000000e-01      
1.45990000e+02      7.10000000e-01      7.10000000e-01      7.10000000e-01      7.10000000e-01      7.10000000e-01      
1.46200000e+02      7.10000000e-01      7.10000000e-01      7.10000000e-01      7.10000000e-01      7.10000000e-01      
1.46410000e+02      7.10000000e-01      7.10000000e-01      7.10000000e-01      7.10000000e-01      7.10000000e-01      
1.46630000e+02      7.10000000e-01      7.10000000e-01      7.10000000e-01      7.10000000e-01      7.10000000e-01      
1.46840000e+02      7.10000000e-01      7.10000000e-01      7.10000000e-01      7.10000000e-01      7.10000000e-01      
1.47060000e+02      7.10000000e-01      7.10000000e-01      7.10000000e-01      7.10000000e-01      7.10000000e-01      
1.47280000e+02      7.10000000e-01      7.10000000e-01      7.10000000e-01      7.10000000e-01      7.10000000e-01      
1.47490000e+02      7.10000000e-01      7.10000000e-01      7.10000000e-01      7.10000000e-01      7.10000000e-01      
1.47710000e+02      7.10000000e-01      7.10000000e-01      7.10000000e-01      7.10000000e-01      7.10000000e-01      
1.47930000e+02      7.10000000e-01      7.10000000e-01      7.10000000e-01      7.10000000e-01      7.10000000e-01      
1.48150000e+02      7.10000000e-01      7.10000000e-01      7.10000000e-01      7.10000000e-01      7.10000000e-01      
1.48370000e+02      7.10000000e-01      7.10000000e-01      7.10000000e-01      7.10000000e-01      7.10000000e-01      
1.48590000e+02      7.10000000e-01      7.10000000e-01      7.10000000e-01      7.10000000e-01      7.10000000e-01      
1.48810000e+02      7.10000000e-01      7.10000000e-01      7.10000000e-01      7.10000000e-01      7.10000000e-01      
1.49030000e+02      7.10000000e-01      7.10000000e-01      7.10000000e-01      7.10000000e-01      7.10000000e-01      
1.49250000e+02      7.10000000e-01      7.10000000e-01      7.10000000e-01      7.10000000e-01      7.10000000e-01      
1.49480000e+02      7.10000000e-01      7.10000000e-01      7.10000000e-01      7.10000000e-01      7.10000000e-01      
1.49700000e+02      7.10000000e-01      7.10000000e-01      7.10000000e-01      7.10000000e-01      7.10000000e-01      
1.49930000e+02      7.10000000e-01      7.10000000e-01      7.10000000e-01      7.10000000e-01      7.10000000e-01      
1.50150000e+02      7.10000000e-01      7.10000000e-01      7.10000000e-01      7.10000000e-01      7.10000000e-01      
1.50380000e+02      7.10000000e-01      7.10000000e-01      7.10000000e-01      7.10000000e-01      7.10000000e-01      
1.50600000e+02      7.10000000e-01      7.10000000e-01      7.10000000e-01      7.10000000e-01      7.10000000e-01      
1.50830000e+02      7.10000000e-01      7.10000000e-01      7.10000000e-01      7.10000000e-01      7.10000000e-01      
1.51060000e+02      7.10000000e-01      7.10000000e-01      7.10000000e-01      7.10000000e-01      7.10000000e-01      
1.51290000e+02      7.10000000e-01      7.10000000e-01      7.10000000e-01      7.10000000e-01      7.10000000e-01      
1.51520000e+02      7.10000000e-01      7.10000000e-01      7.10000000e-01      7.10000000e-01      7.10000000e-01      
1.51750000e+02      7.10000000e-01      7.10000000e-01      7.10000000e-01      7.10000000e-01      7.10000000e-01      
1.51980000e+02      7.10000000e-01      7.10000000e-01      7.10000000e-01      7.10000000e-01      7.10000000e-01      
1.52210000e+02      7.10000000e-01      7.10000000e-01      7.10000000e-01      7.10000000e-01      7.10000000e-01      
1.52440000e+02      7.10000000e-01      7.10000000e-01      7.10000000e-01      7.10000000e-01      7.10000000e-01      
1.52670000e+02      7.10000000e-01      7.10000000e-01      7.10000000e-01      7.10000000e-01      7.10000000e-01      
1.52910000e+02      7.10000000e-01      7.10000000e-01      7.10000000e-01      7.10000000e-01      7.10000000e-01      
1.53140000e+02      7.10000000e-01      7.10000000e-01      7.10000000e-01      7.10000000e-01      7.10000000e-01      
1.53370000e+02      7.10000000e-01      7.10000000e-01      7.10000000e-01      7.10000000e-01      7.10000000e-01      
1.53610000e+02      7.10000000e-01      7.10000000e-01      7.10000000e-01      7.10000000e-01      7.10000000e-01      
1.53850000e+02      7.10000000e-01      7.10000000e-01      7.10000000e-01      7.10000000e-01      7.10000000e-01      
1.54080000e+02      7.10000000e-01      7.10000000e-01      7.10000000e-01      7.10000000e-01      7.10000000e-01      
1.54320000e+02      7.10000000e-01      7.10000000e-01      7.10000000e-01      7.10000000e-01      7.10000000e-01      
1.54560000e+02      7.10000000e-01      7.10000000e-01      7.10000000e-01      7.10000000e-01      7.10000000e-01      
1.54800000e+02      7.10000000e-01      7.10000000e-01      7.10000000e-01      7.10000000e-01      7.10000000e-01      
1.55040000e+02      7.10000000e-01      7.10000000e-01      7.10000000e-01      7.10000000e-01      7.10000000e-01      
1.55280000e+02      7.10000000e-01      7.10000000e-01      7.10000000e-01      7.10000000e-01      7.10000000e-01      
1.55520000e+02      7.10000000e-01      7.10000000e-01      7.10000000e-01      7.10000000e-01      7.10000000e-01      
1.55760000e+02      7.10000000e-01      7.10000000e-01      7.10000000e-01      7.10000000e-01      7.10000000e-01      
1.56010000e+02      7.10000000e-01      7.10000000e-01      7.10000000e-01      7.10000000e-01      7.10000000e-01      
1.56250000e+02      7.10000000e-01      7.10000000e-01      7.10000000e-01      7.10000000e-01      7.10000000e-01      
1.56490000e+02      7.10000000e-01      7.10000000e-01      7.10000000e-01      7.10000000e-01      7.10000000e-01      
1.56740000e+02      7.10000000e-01      7.10000000e-01      7.10000000e-01      7.10000000e-01      7.10000000e-01      
1.56990000e+02      7.10000000e-01      7.10000000e-01      7.10000000e-01      7.10000000e-01      7.10000000e-01      
1.57230000e+02      7.10000000e-01      7.10000000e-01      7.10000000e-01      7.10000000e-01      7.10000000e-01      
1.57480000e+02      7.10000000e-01      7.10000000e-01      7.10000000e-01      7.10000000e-01      7.10000000e-01      
1.57730000e+02      7.10000000e-01      7.10000000e-01      7.10000000e-01      7.10000000e-01      7.10000000e-01      
1.57980000e+02      7.10000000e-01      7.10000000e-01      7.10000000e-01      7.10000000e-01      7.10000000e-01      
1.58230000e+02      7.10000000e-01      7.10000000e-01      7.10000000e-01      7.10000000e-01      7.10000000e-01      
1.58480000e+02      7.10000000e-01      7.10000000e-01      7.10000000e-01      7.10000000e-01      7.10000000e-01      
1.58730000e+02      7.10000000e-01      7.10000000e-01      7.10000000e-01      7.10000000e-01      7.10000000e-01      
1.58980000e+02      7.10000000e-01      7.10000000e-01      7.10000000e-01      7.10000000e-01      7.10000000e-01      
1.59240000e+02      7.10000000e-01      7.10000000e-01      7.10000000e-01      7.10000000e-01      7.10000000e-01      
1.59490000e+02      7.10000000e-01      7.10000000e-01      7.10000000e-01      7.10000000e-01      7.10000000e-01      
1.59740000e+02      7.10000000e-01      7.10000000e-01      7.10000000e-01      7.10000000e-01      7.10000000e-01      
1.60000000e+02      7.10000000e-01      7.10000000e-01      7.10000000e-01      7.10000000e-01      7.10000000e-01      
1.60260000e+02      7.10000000e-01      7.10000000e-01      7.10000000e-01      7.10000000e-01      7.10000000e-01      
1.60510000e+02      7.10000000e-01      7.10000000e-01      7.10000000e-01      7.10000000e-01      7.10000000e-01      
1.60770000e+02      7.10000000e-01      7.10000000e-01      7.10000000e-01      7.10000000e-01      7.10000000e-01      
1.61030000e+02      7.10000000e-01      7.10000000e-01      7.10000000e-01      7.10000000e-01      7.10000000e-01      
1.61290000e+02      7.10000000e-01      7.10000000e-01      7.10000000e-01      7.10000000e-01      7.10000000e-01      
1.61550000e+02      7.10000000e-01      7.10000000e-01      7.10000000e-01      7.10000000e-01      7.10000000e-01      
1.61810000e+02      7.10000000e-01      7.10000000e-01      7.10000000e-01      7.10000000e-01      7.10000000e-01      
1.62070000e+02      7.10000000e-01      7.10000000e-01      7.10000000e-01      7.10000000e-01      7.10000000e-01      
1.62340000e+02      7.10000000e-01      7.10000000e-01      7.10000000e-01      7.10000000e-01      7.10000000e-01      
1.62600000e+02      7.10000000e-01      7.10000000e-01      7.10000000e-01      7.10000000e-01      7.10000000e-01      
1.62870000e+02      7.10000000e-01      7.10000000e-01      7.10000000e-01      7.10000000e-01      7.10000000e-01      
1.63130000e+02      7.10000000e-01      7.10000000e-01      7.10000000e-01      7.10000000e-01      7.10000000e-01      
1.63400000e+02      7.10000000e-01      7.10000000e-01      7.10000000e-01      7.10000000e-01      7.10000000e-01      
1.63670000e+02      7.10000000e-01      7.10000000e-01      7.10000000e-01      7.10000000e-01      7.10000000e-01      
1.63930000e+02      7.10000000e-01      7.10000000e-01      7.10000000e-01      7.10000000e-01      7.10000000e-01      
1.64200000e+02      7.10000000e-01      7.10000000e-01      7.10000000e-01      7.10000000e-01      7.10000000e-01      
1.64470000e+02      7.10000000e-01      7.10000000e-01      7.10000000e-01      7.10000000e-01      7.10000000e-01      
1.64740000e+02      7.10000000e-01      7.10000000e-01      7.10000000e-01      7.10000000e-01      7.10000000e-01      
1.65020000e+02      7.10000000e-01      7.10000000e-01      7.10000000e-01      7.10000000e-01      7.10000000e-01      
1.65290000e+02      7.10000000e-01      7.10000000e-01      7.10000000e-01      7.10000000e-01      7.10000000e-01      
1.65560000e+02      7.10000000e-01      7.10000000e-01      7.10000000e-01      7.10000000e-01      7.10000000e-01      
1.65840000e+02      7.10000000e-01      7.10000000e-01      7.10000000e-01      7.10000000e-01      7.10000000e-01      
1.66110000e+02      7.10000000e-01      7.10000000e-01      7.10000000e-01      7.10000000e-01      7.10000000e-01      
1.66390000e+02      7.10000000e-01      7.10000000e-01      7.10000000e-01      7.10000000e-01      7.10000000e-01      
1.66670000e+02      7.10000000e-01      7.10000000e-01      7.10000000e-01      7.10000000e-01      7.10000000e-01      
1.66940000e+02      7.10000000e-01      7.10000000e-01      7.10000000e-01      7.10000000e-01      7.10000000e-01      
1.67220000e+02      7.10000000e-01      7.10000000e-01      7.10000000e-01      7.10000000e-01      7.10000000e-01      
1.67500000e+02      7.10000000e-01      7.10000000e-01      7.10000000e-01      7.10000000e-01      7.10000000e-01      
1.67790000e+02      7.10000000e-01      7.10000000e-01      7.10000000e-01      7.10000000e-01      7.10000000e-01      
1.68070000e+02      7.10000000e-01      7.10000000e-01      7.10000000e-01      7.10000000e-01      7.10000000e-01      
1.68350000e+02      7.10000000e-01      7.10000000e-01      7.10000000e-01      7.10000000e-01      7.10000000e-01      
1.68630000e+02      7.10000000e-01      7.10000000e-01      7.10000000e-01      7.10000000e-01      7.10000000e-01      
1.68920000e+02      7.10000000e-01      7.10000000e-01      7.10000000e-01      7.10000000e-01      7.10000000e-01      
1.69200000e+02      7.10000000e-01      7.10000000e-01      7.10000000e-01      7.10000000e-01      7.10000000e-01      
1.69490000e+02      7.10000000e-01      7.10000000e-01      7.10000000e-01      7.10000000e-01      7.10000000e-01      
1.69780000e+02      7.10000000e-01      7.10000000e-01      7.10000000e-01      7.10000000e-01      7.10000000e-01      
1.70070000e+02      7.10000000e-01      7.10000000e-01      7.10000000e-01      7.10000000e-01      7.10000000e-01      
1.70360000e+02      7.10000000e-01      7.10000000e-01      7.10000000e-01      7.10000000e-01      7.10000000e-01      
1.70650000e+02      7.10000000e-01      7.10000000e-01      7.10000000e-01      7.10000000e-01      7.10000000e-01      
1.70940000e+02      7.10000000e-01      7.10000000e-01      7.10000000e-01      7.10000000e-01      7.10000000e-01      
1.71230000e+02      7.10000000e-01      7.10000000e-01      7.10000000e-01      7.10000000e-01      7.10000000e-01      
1.71530000e+02      7.10000000e-01      7.10000000e-01      7.10000000e-01      7.10000000e-01      7.10000000e-01      
1.71820000e+02      7.10000000e-01      7.10000000e-01      7.10000000e-01      7.10000000e-01      7.10000000e-01      
1.72120000e+02      7.10000000e-01      7.10000000e-01      7.10000000e-01      7.10000000e-01      7.10000000e-01      
1.72410000e+02      7.10000000e-01      7.10000000e-01      7.10000000e-01      7.10000000e-01      7.10000000e-01      
1.72710000e+02      7.10000000e-01      7.10000000e-01      7.10000000e-01      7.10000000e-01      7.10000000e-01      
1.73010000e+02      7.10000000e-01      7.10000000e-01      7.10000000e-01      7.10000000e-01      7.10000000e-01      
1.73310000e+02      7.10000000e-01      7.10000000e-01      7.10000000e-01      7.10000000e-01      7.10000000e-01      
1.73610000e+02      7.10000000e-01      7.10000000e-01      7.10000000e-01      7.10000000e-01      7.10000000e-01      
1.73910000e+02      7.10000000e-01      7.10000000e-01      7.10000000e-01      7.10000000e-01      7.10000000e-01      
1.74220000e+02      7.10000000e-01      7.10000000e-01      7.10000000e-01      7.10000000e-01      7.10000000e-01      
1.74520000e+02      7.10000000e-01      7.10000000e-01      7.10000000e-01      7.10000000e-01      7.10000000e-01      
1.74830000e+02      7.10000000e-01      7.10000000e-01      7.10000000e-01      7.10000000e-01      7.10000000e-01      
1.75130000e+02      7.10000000e-01      7.10000000e-01      7.10000000e-01      7.10000000e-01      7.10000000e-01      
1.75440000e+02      7.10000000e-01      7.10000000e-01      7.10000000e-01      7.10000000e-01      7.10000000e-01      
1.75750000e+02      7.10000000e-01      7.10000000e-01      7.10000000e-01      7.10000000e-01      7.10000000e-01      
1.76060000e+02      7.10000000e-01      7.10000000e-01      7.10000000e-01      7.10000000e-01      7.10000000e-01      
1.76370000e+02      7.10000000e-01      7.10000000e-01      7.10000000e-01      7.10000000e-01      7.10000000e-01      
1.76680000e+02      7.10000000e-01      7.10000000e-01      7.10000000e-01      7.10000000e-01      7.10000000e-01      
1.76990000e+02      7.10000000e-01      7.10000000e-01      7.10000000e-01      7.10000000e-01      7.10000000e-01      
1.77300000e+02      7.10000000e-01      7.10000000e-01      7.10000000e-01      7.10000000e-01      7.10000000e-01      
1.77620000e+02      7.10000000e-01      7.10000000e-01      7.10000000e-01      7.10000000e-01      7.10000000e-01      
1.77940000e+02      7.10000000e-01      7.10000000e-01      7.10000000e-01      7.10000000e-01      7.10000000e-01      
1.78250000e+02      7.10000000e-01      7.10000000e-01      7.10000000e-01      7.10000000e-01      7.10000000e-01      
1.78570000e+02      7.10000000e-01      7.10000000e-01      7.10000000e-01      7.10000000e-01      7.10000000e-01      
1.78890000e+02      7.09207000e-01      7.09207000e-01      7.09207000e-01      7.09207000e-01      7.09207000e-01      
1.79210000e+02      7.04823000e-01      7.04823000e-01      7.04823000e-01      7.04823000e-01      7.04823000e-01      
1.79530000e+02      7.00439000e-01      7.00439000e-01      7.00439000e-01      7.00439000e-01      7.00439000e-01      
1.79860000e+02      6.95918000e-01      6.95918000e-01      6.95918000e-01      6.95918000e-01      6.95918000e-01      
1.80180000e+02      6.91534000e-01      6.91534000e-01      6.91534000e-01      6.91534000e-01      6.91534000e-01      
1.80510000e+02      6.87013000e-01      6.87013000e-01      6.87013000e-01      6.87013000e-01      6.87013000e-01      
1.80830000e+02      6.82629000e-01      6.82629000e-01      6.82629000e-01      6.82629000e-01      6.82629000e-01      
1.81160000e+02      6.78108000e-01      6.78108000e-01      6.78108000e-01      6.78108000e-01      6.78108000e-01      
1.81490000e+02      6.73587000e-01      6.73587000e-01      6.73587000e-01      6.73587000e-01      6.73587000e-01      
1.81820000e+02      6.69066000e-01      6.69066000e-01      6.69066000e-01      6.69066000e-01      6.69066000e-01      
1.82150000e+02      6.64545000e-01      6.64545000e-01      6.64545000e-01      6.64545000e-01      6.64545000e-01      
1.82480000e+02      6.60024000e-01      6.60024000e-01      6.60024000e-01      6.60024000e-01      6.60024000e-01      
1.82820000e+02      6.55366000e-01      6.55366000e-01      6.55366000e-01      6.55366000e-01      6.55366000e-01      
1.83150000e+02      6.50845000e-01      6.50845000e-01      6.50845000e-01      6.50845000e-01      6.50845000e-01      
1.83490000e+02      6.46187000e-01      6.46187000e-01      6.46187000e-01      6.46187000e-01      6.46187000e-01      
1.83820000e+02      6.41666000e-01      6.41666000e-01      6.41666000e-01      6.41666000e-01      6.41666000e-01      
1.84160000e+02      6.37008000e-01      6.37008000e-01      6.37008000e-01      6.37008000e-01      6.37008000e-01      
1.84500000e+02      6.32350000e-01      6.32350000e-01      6.32350000e-01      6.32350000e-01      6.32350000e-01      
1.84840000e+02      6.27692000e-01      6.27692000e-01      6.27692000e-01      6.27692000e-01      6.27692000e-01      
1.85190000e+02      6.22897000e-01      6.22897000e-01      6.22897000e-01      6.22897000e-01      6.22897000e-01      
1.85530000e+02      6.18239000e-01      6.18239000e-01      6.18239000e-01      6.18239000e-01      6.18239000e-01      
1.85870000e+02      6.13581000e-01      6.13581000e-01      6.13581000e-01      6.13581000e-01      6.13581000e-01      
1.86220000e+02      6.08786000e-01      6.08786000e-01      6.08786000e-01      6.08786000e-01      6.08786000e-01      
1.86570000e+02      6.03991000e-01      6.03991000e-01      6.03991000e-01      6.03991000e-01      6.03991000e-01      
1.86920000e+02      5.99196000e-01      5.99196000e-01      5.99196000e-01      5.99196000e-01      5.99196000e-01      
1.87270000e+02      5.94401000e-01      5.94401000e-01      5.94401000e-01      5.94401000e-01      5.94401000e-01      
1.87620000e+02      5.89606000e-01      5.89606000e-01      5.89606000e-01      5.89606000e-01      5.89606000e-01      
1.87970000e+02      5.84811000e-01      5.84811000e-01      5.84811000e-01      5.84811000e-01      5.84811000e-01      
1.88320000e+02      5.80016000e-01      5.80016000e-01      5.80016000e-01      5.80016000e-01      5.80016000e-01      
1.88680000e+02      5.75084000e-01      5.75084000e-01      5.75084000e-01      5.75084000e-01      5.75084000e-01      
1.89040000e+02      5.70152000e-01      5.70152000e-01      5.70152000e-01      5.70152000e-01      5.70152000e-01      
1.89390000e+02      5.65357000e-01      5.65357000e-01      5.65357000e-01      5.65357000e-01      5.65357000e-01      
1.89750000e+02      5.60425000e-01      5.60425000e-01      5.60425000e-01      5.60425000e-01      5.60425000e-01      
1.90110000e+02      5.55493000e-01      5.55493000e-01      5.55493000e-01      5.55493000e-01      5.55493000e-01      
1.90480000e+02      5.50424000e-01      5.50424000e-01      5.50424000e-01      5.50424000e-01      5.50424000e-01      
1.90840000e+02      5.45492000e-01      5.45492000e-01      5.45492000e-01      5.45492000e-01      5.45492000e-01      
1.91200000e+02      5.40560000e-01      5.40560000e-01      5.40560000e-01      5.40560000e-01      5.40560000e-01      
1.91570000e+02      5.35491000e-01      5.35491000e-01      5.35491000e-01      5.35491000e-01      5.35491000e-01      
1.91940000e+02      5.30422000e-01      5.30422000e-01      5.30422000e-01      5.30422000e-01      5.30422000e-01      
1.92310000e+02      5.25353000e-01      5.25353000e-01      5.25353000e-01      5.25353000e-01      5.25353000e-01      
1.92680000e+02      5.20284000e-01      5.20284000e-01      5.20284000e-01      5.20284000e-01      5.20284000e-01      
1.93050000e+02      5.15215000e-01      5.15215000e-01      5.15215000e-01      5.15215000e-01      5.15215000e-01      
1.93420000e+02      5.10146000e-01      5.10146000e-01      5.10146000e-01      5.10146000e-01      5.10146000e-01      
1.93800000e+02      5.04940000e-01      5.04940000e-01      5.04940000e-01      5.04940000e-01      5.04940000e-01      
1.94170000e+02      4.99871000e-01      4.99871000e-01      4.99871000e-01      4.99871000e-01      4.99871000e-01      
1.94550000e+02      4.94665000e-01      4.94665000e-01      4.94665000e-01      4.94665000e-01      4.94665000e-01      
1.94930000e+02      4.89459000e-01      4.89459000e-01      4.89459000e-01      4.89459000e-01      4.89459000e-01      
1.95310000e+02      4.84253000e-01      4.84253000e-01      4.84253000e-01      4.84253000e-01      4.84253000e-01      
1.95690000e+02      4.79047000e-01      4.79047000e-01      4.79047000e-01      4.79047000e-01      4.79047000e-01      
1.96080000e+02      4.73704000e-01      4.73704000e-01      4.73704000e-01      4.73704000e-01      4.73704000e-01      
1.96460000e+02      4.68498000e-01      4.68498000e-01      4.68498000e-01      4.68498000e-01      4.68498000e-01      
1.96850000e+02      4.63155000e-01      4.63155000e-01      4.63155000e-01      4.63155000e-01      4.63155000e-01      
1.97240000e+02      4.57812000e-01      4.57812000e-01      4.57812000e-01      4.57812000e-01      4.57812000e-01      
1.97630000e+02      4.52469000e-01      4.52469000e-01      4.52469000e-01      4.52469000e-01      4.52469000e-01      
1.98020000e+02      4.47126000e-01      4.47126000e-01      4.47126000e-01      4.47126000e-01      4.47126000e-01      
1.98410000e+02      4.41783000e-01      4.41783000e-01      4.41783000e-01      4.41783000e-01      4.41783000e-01      
1.98810000e+02      4.36303000e-01      4.36303000e-01      4.36303000e-01      4.36303000e-01      4.36303000e-01      
1.99200000e+02      4.30960000e-01      4.30960000e-01      4.30960000e-01      4.30960000e-01      4.30960000e-01      
1.99600000e+02      4.25480000e-01      4.25480000e-01      4.25480000e-01      4.25480000e-01      4.25480000e-01      
2.00000000e+02      4.20000000e-01      4.20000000e-01      4.20000000e-01      4.20000000e-01      4.20000000e-01      
2.00400000e+02      4.14520000e-01      4.14520000e-01      4.14520000e-01      4.14520000e-01      4.14520000e-01      
2.00800000e+02      4.09040000e-01      4.09040000e-01      4.09040000e-01      4.09040000e-01      4.09040000e-01      
2.01210000e+02      0.00000000e+00      0.00000000e+00      0.00000000e+00      0.00000000e+00      0.00000000e+00      
2.01610000e+02      0.00000000e+00      0.00000000e+00      0.00000000e+00      0.00000000e+00      0.00000000e+00      
2.02020000e+02      0.00000000e+00      0.00000000e+00      0.00000000e+00      0.00000000e+00      0.00000000e+00      
2.02430000e+02      0.00000000e+00      0.00000000e+00      0.00000000e+00      0.00000000e+00      0.00000000e+00      
2.02840000e+02      0.00000000e+00      0.00000000e+00      0.00000000e+00      0.00000000e+00      0.00000000e+00      
2.03250000e+02      0.00000000e+00      0.00000000e+00      0.00000000e+00      0.00000000e+00      0.00000000e+00      
2.03670000e+02      0.00000000e+00      0.00000000e+00      0.00000000e+00      0.00000000e+00      0.00000000e+00      
2.04080000e+02      0.00000000e+00      0.00000000e+00      0.00000000e+00      0.00000000e+00      0.00000000e+00      
2.04500000e+02      0.00000000e+00      0.00000000e+00      0.00000000e+00      0.00000000e+00      0.00000000e+00      
2.04920000e+02      0.00000000e+00      0.00000000e+00      0.00000000e+00      0.00000000e+00      0.00000000e+00      
2.05340000e+02      0.00000000e+00      0.00000000e+00      0.00000000e+00      0.00000000e+00      0.00000000e+00      
2.05760000e+02      0.00000000e+00      0.00000000e+00      0.00000000e+00      0.00000000e+00      0.00000000e+00      
2.06190000e+02      0.00000000e+00      0.00000000e+00      0.00000000e+00      0.00000000e+00      0.00000000e+00      
2.06610000e+02      0.00000000e+00      0.00000000e+00      0.00000000e+00      0.00000000e+00      0.00000000e+00      
2.07040000e+02      0.00000000e+00      0.00000000e+00      0.00000000e+00      0.00000000e+00      0.00000000e+00      
2.07470000e+02      0.00000000e+00      0.00000000e+00      0.00000000e+00      0.00000000e+00      0.00000000e+00      
2.07900000e+02      0.00000000e+00      0.00000000e+00      0.00000000e+00      0.00000000e+00      0.00000000e+00      
2.08330000e+02      0.00000000e+00      0.00000000e+00      0.00000000e+00      0.00000000e+00      0.00000000e+00      
2.08770000e+02      0.00000000e+00      0.00000000e+00      0.00000000e+00      0.00000000e+00      0.00000000e+00      
2.09210000e+02      0.00000000e+00      0.00000000e+00      0.00000000e+00      0.00000000e+00      0.00000000e+00      
2.09640000e+02      0.00000000e+00      0.00000000e+00      0.00000000e+00      0.00000000e+00      0.00000000e+00      
2.10080000e+02      0.00000000e+00      0.00000000e+00      0.00000000e+00      0.00000000e+00      0.00000000e+00      
2.10530000e+02      0.00000000e+00      0.00000000e+00      0.00000000e+00      0.00000000e+00      0.00000000e+00      
2.10970000e+02      0.00000000e+00      0.00000000e+00      0.00000000e+00      0.00000000e+00      0.00000000e+00      
2.11420000e+02      0.00000000e+00      0.00000000e+00      0.00000000e+00      0.00000000e+00      0.00000000e+00      
2.11860000e+02      0.00000000e+00      0.00000000e+00      0.00000000e+00      0.00000000e+00      0.00000000e+00      
2.12310000e+02      0.00000000e+00      0.00000000e+00      0.00000000e+00      0.00000000e+00      0.00000000e+00      
2.12770000e+02      0.00000000e+00      0.00000000e+00      0.00000000e+00      0.00000000e+00      0.00000000e+00      
2.13220000e+02      0.00000000e+00      0.00000000e+00      0.00000000e+00      0.00000000e+00      0.00000000e+00      
2.13680000e+02      0.00000000e+00      0.00000000e+00      0.00000000e+00      0.00000000e+00      0.00000000e+00      
2.14130000e+02      0.00000000e+00      0.00000000e+00      0.00000000e+00      0.00000000e+00      0.00000000e+00      
2.14590000e+02      0.00000000e+00      0.00000000e+00      0.00000000e+00      0.00000000e+00      0.00000000e+00      
2.15050000e+02      0.00000000e+00      0.00000000e+00      0.00000000e+00      0.00000000e+00      0.00000000e+00      
2.15520000e+02      0.00000000e+00      0.00000000e+00      0.00000000e+00      0.00000000e+00      0.00000000e+00      
2.15980000e+02      0.00000000e+00      0.00000000e+00      0.00000000e+00      0.00000000e+00      0.00000000e+00      
2.16450000e+02      0.00000000e+00      0.00000000e+00      0.00000000e+00      0.00000000e+00      0.00000000e+00      
2.16920000e+02      0.00000000e+00      0.00000000e+00      0.00000000e+00      0.00000000e+00      0.00000000e+00      
2.17390000e+02      0.00000000e+00      0.00000000e+00      0.00000000e+00      0.00000000e+00      0.00000000e+00      
2.17860000e+02      0.00000000e+00      0.00000000e+00      0.00000000e+00      0.00000000e+00      0.00000000e+00      
2.18340000e+02      0.00000000e+00      0.00000000e+00      0.00000000e+00      0.00000000e+00      0.00000000e+00      
2.18820000e+02      0.00000000e+00      0.00000000e+00      0.00000000e+00      0.00000000e+00      0.00000000e+00      
2.19300000e+02      0.00000000e+00      0.00000000e+00      0.00000000e+00      0.00000000e+00      0.00000000e+00      
2.19780000e+02      0.00000000e+00      0.00000000e+00      0.00000000e+00      0.00000000e+00      0.00000000e+00      
2.20260000e+02      0.00000000e+00      0.00000000e+00      0.00000000e+00      0.00000000e+00      0.00000000e+00      
2.20750000e+02      0.00000000e+00      0.00000000e+00      0.00000000e+00      0.00000000e+00      0.00000000e+00      
2.21240000e+02      0.00000000e+00      0.00000000e+00      0.00000000e+00      0.00000000e+00      0.00000000e+00      
2.21730000e+02      0.00000000e+00      0.00000000e+00      0.00000000e+00      0.00000000e+00      0.00000000e+00      
2.22220000e+02      0.00000000e+00      0.00000000e+00      0.00000000e+00      0.00000000e+00      0.00000000e+00      
2.22720000e+02      0.00000000e+00      0.00000000e+00      0.00000000e+00      0.00000000e+00      0.00000000e+00      
2.23210000e+02      0.00000000e+00      0.00000000e+00      0.00000000e+00      0.00000000e+00      0.00000000e+00      
2.23710000e+02      0.00000000e+00      0.00000000e+00      0.00000000e+00      0.00000000e+00      0.00000000e+00      
2.24220000e+02      0.00000000e+00      0.00000000e+00      0.00000000e+00      0.00000000e+00      0.00000000e+00      
2.24720000e+02      0.00000000e+00      0.00000000e+00      0.00000000e+00      0.00000000e+00      0.00000000e+00      
2.25230000e+02      0.00000000e+00      0.00000000e+00      0.00000000e+00      0.00000000e+00      0.00000000e+00      
2.25730000e+02      0.00000000e+00      0.00000000e+00      0.00000000e+00      0.00000000e+00      0.00000000e+00      
2.26240000e+02      0.00000000e+00      0.00000000e+00      0.00000000e+00      0.00000000e+00      0.00000000e+00      
2.26760000e+02      0.00000000e+00      0.00000000e+00      0.00000000e+00      0.00000000e+00      0.00000000e+00      
2.27270000e+02      0.00000000e+00      0.00000000e+00      0.00000000e+00      0.00000000e+00      0.00000000e+00      
2.27790000e+02      0.00000000e+00      0.00000000e+00      0.00000000e+00      0.00000000e+00      0.00000000e+00      
2.28310000e+02      0.00000000e+00      0.00000000e+00      0.00000000e+00      0.00000000e+00      0.00000000e+00      
2.28830000e+02      0.00000000e+00      0.00000000e+00      0.00000000e+00      0.00000000e+00      0.00000000e+00      
2.29360000e+02      0.00000000e+00      0.00000000e+00      0.00000000e+00      0.00000000e+00      0.00000000e+00      
2.29890000e+02      0.00000000e+00      0.00000000e+00      0.00000000e+00      0.00000000e+00      0.00000000e+00      
2.30410000e+02      0.00000000e+00      0.00000000e+00      0.00000000e+00      0.00000000e+00      0.00000000e+00      
2.30950000e+02      0.00000000e+00      0.00000000e+00      0.00000000e+00      0.00000000e+00      0.00000000e+00      
2.31480000e+02      0.00000000e+00      0.00000000e+00      0.00000000e+00      0.00000000e+00      0.00000000e+00      
2.32020000e+02      0.00000000e+00      0.00000000e+00      0.00000000e+00      0.00000000e+00      0.00000000e+00      
2.32560000e+02      0.00000000e+00      0.00000000e+00      0.00000000e+00      0.00000000e+00      0.00000000e+00      
2.33100000e+02      0.00000000e+00      0.00000000e+00      0.00000000e+00      0.00000000e+00      0.00000000e+00      
2.33640000e+02      0.00000000e+00      0.00000000e+00      0.00000000e+00      0.00000000e+00      0.00000000e+00      
2.34190000e+02      0.00000000e+00      0.00000000e+00      0.00000000e+00      0.00000000e+00      0.00000000e+00      
2.34740000e+02      0.00000000e+00      0.00000000e+00      0.00000000e+00      0.00000000e+00      0.00000000e+00      
2.35290000e+02      0.00000000e+00      0.00000000e+00      0.00000000e+00      0.00000000e+00      0.00000000e+00      
2.35850000e+02      0.00000000e+00      0.00000000e+00      0.00000000e+00      0.00000000e+00      0.00000000e+00      
2.36410000e+02      0.00000000e+00      0.00000000e+00      0.00000000e+00      0.00000000e+00      0.00000000e+00      
2.36970000e+02      0.00000000e+00      0.00000000e+00      0.00000000e+00      0.00000000e+00      0.00000000e+00      
2.37530000e+02      0.00000000e+00      0.00000000e+00      0.00000000e+00      0.00000000e+00      0.00000000e+00      
2.38100000e+02      0.00000000e+00      0.00000000e+00      0.00000000e+00      0.00000000e+00      0.00000000e+00      
2.38660000e+02      0.00000000e+00      0.00000000e+00      0.00000000e+00      0.00000000e+00      0.00000000e+00      
2.39230000e+02      0.00000000e+00      0.00000000e+00      0.00000000e+00      0.00000000e+00      0.00000000e+00      
2.39810000e+02      0.00000000e+00      0.00000000e+00      0.00000000e+00      0.00000000e+00      0.00000000e+00      
2.40380000e+02      0.00000000e+00      0.00000000e+00      0.00000000e+00      0.00000000e+00      0.00000000e+00      
2.40960000e+02      0.00000000e+00      0.00000000e+00      0.00000000e+00      0.00000000e+00      0.00000000e+00      
2.41550000e+02      0.00000000e+00      0.00000000e+00      0.00000000e+00      0.00000000e+00      0.00000000e+00      
2.42130000e+02      0.00000000e+00      0.00000000e+00      0.00000000e+00      0.00000000e+00      0.00000000e+00      
2.42720000e+02      0.00000000e+00      0.00000000e+00      0.00000000e+00      0.00000000e+00      0.00000000e+00      
2.43310000e+02      0.00000000e+00      0.00000000e+00      0.00000000e+00      0.00000000e+00      0.00000000e+00      
2.43900000e+02      0.00000000e+00      0.00000000e+00      0.00000000e+00      0.00000000e+00      0.00000000e+00      
2.44500000e+02      0.00000000e+00      0.00000000e+00      0.00000000e+00      0.00000000e+00      0.00000000e+00      
2.45100000e+02      0.00000000e+00      0.00000000e+00      0.00000000e+00      0.00000000e+00      0.00000000e+00      
2.45700000e+02      0.00000000e+00      0.00000000e+00      0.00000000e+00      0.00000000e+00      0.00000000e+00      
2.46310000e+02      0.00000000e+00      0.00000000e+00      0.00000000e+00      0.00000000e+00      0.00000000e+00      
2.46910000e+02      0.00000000e+00      0.00000000e+00      0.00000000e+00      0.00000000e+00      0.00000000e+00      
2.47520000e+02      0.00000000e+00      0.00000000e+00      0.00000000e+00      0.00000000e+00      0.00000000e+00      
2.48140000e+02      0.00000000e+00      0.00000000e+00      0.00000000e+00      0.00000000e+00      0.00000000e+00      
2.48760000e+02      0.00000000e+00      0.00000000e+00      0.00000000e+00      0.00000000e+00      0.00000000e+00      
2.49380000e+02      0.00000000e+00      0.00000000e+00      0.00000000e+00      0.00000000e+00      0.00000000e+00      
2.50000000e+02      0.00000000e+00      0.00000000e+00      0.00000000e+00      0.00000000e+00      0.00000000e+00      
2.50630000e+02      0.00000000e+00      0.00000000e+00      0.00000000e+00      0.00000000e+00      0.00000000e+00      
2.51260000e+02      0.00000000e+00      0.00000000e+00      0.00000000e+00      0.00000000e+00      0.00000000e+00      
2.51890000e+02      0.00000000e+00      0.00000000e+00      0.00000000e+00      0.00000000e+00      0.00000000e+00      
2.52530000e+02      0.00000000e+00      0.00000000e+00      0.00000000e+00      0.00000000e+00      0.00000000e+00      
2.53160000e+02      0.00000000e+00      0.00000000e+00      0.00000000e+00      0.00000000e+00      0.00000000e+00      
2.53810000e+02      0.00000000e+00      0.00000000e+00      0.00000000e+00      0.00000000e+00      0.00000000e+00      
2.54450000e+02      0.00000000e+00      0.00000000e+00      0.00000000e+00      0.00000000e+00      0.00000000e+00      
2.55100000e+02      0.00000000e+00      0.00000000e+00      0.00000000e+00      0.00000000e+00      0.00000000e+00      
2.55750000e+02      0.00000000e+00      0.00000000e+00      0.00000000e+00      0.00000000e+00      0.00000000e+00      
2.56410000e+02      0.00000000e+00      0.00000000e+00      0.00000000e+00      0.00000000e+00      0.00000000e+00      
2.57070000e+02      0.00000000e+00      0.00000000e+00      0.00000000e+00      0.00000000e+00      0.00000000e+00      
2.57730000e+02      0.00000000e+00      0.00000000e+00      0.00000000e+00      0.00000000e+00      0.00000000e+00      
2.58400000e+02      0.00000000e+00      0.00000000e+00      0.00000000e+00      0.00000000e+00      0.00000000e+00      
2.59070000e+02      0.00000000e+00      0.00000000e+00      0.00000000e+00      0.00000000e+00      0.00000000e+00      
2.59740000e+02      0.00000000e+00      0.00000000e+00      0.00000000e+00      0.00000000e+00      0.00000000e+00      
2.60420000e+02      0.00000000e+00      0.00000000e+00      0.00000000e+00      0.00000000e+00      0.00000000e+00      
2.61100000e+02      0.00000000e+00      0.00000000e+00      0.00000000e+00      0.00000000e+00      0.00000000e+00      
2.61780000e+02      0.00000000e+00      0.00000000e+00      0.00000000e+00      0.00000000e+00      0.00000000e+00      
2.62470000e+02      0.00000000e+00      0.00000000e+00      0.00000000e+00      0.00000000e+00      0.00000000e+00      
2.63160000e+02      0.00000000e+00      0.00000000e+00      0.00000000e+00      0.00000000e+00      0.00000000e+00      
2.63850000e+02      0.00000000e+00      0.00000000e+00      0.00000000e+00      0.00000000e+00      0.00000000e+00      
2.64550000e+02      0.00000000e+00      0.00000000e+00      0.00000000e+00      0.00000000e+00      0.00000000e+00      
2.65250000e+02      0.00000000e+00      0.00000000e+00      0.00000000e+00      0.00000000e+00      0.00000000e+00      
2.65960000e+02      0.00000000e+00      0.00000000e+00      0.00000000e+00      0.00000000e+00      0.00000000e+00      
2.66670000e+02      0.00000000e+00      0.00000000e+00      0.00000000e+00      0.00000000e+00      0.00000000e+00      
2.67380000e+02      0.00000000e+00      0.00000000e+00      0.00000000e+00      0.00000000e+00      0.00000000e+00      
2.68100000e+02      0.00000000e+00      0.00000000e+00      0.00000000e+00      0.00000000e+00      0.00000000e+00      
2.68820000e+02      0.00000000e+00      0.00000000e+00      0.00000000e+00      0.00000000e+00      0.00000000e+00      
2.69540000e+02      0.00000000e+00      0.00000000e+00      0.00000000e+00      0.00000000e+00      0.00000000e+00      
2.70270000e+02      0.00000000e+00      0.00000000e+00      0.00000000e+00      0.00000000e+00      0.00000000e+00      
2.71000000e+02      0.00000000e+00      0.00000000e+00      0.00000000e+00      0.00000000e+00      0.00000000e+00      
2.71740000e+02      0.00000000e+00      0.00000000e+00      0.00000000e+00      0.00000000e+00      0.00000000e+00      
2.72480000e+02      0.00000000e+00      0.00000000e+00      0.00000000e+00      0.00000000e+00      0.00000000e+00      
2.73220000e+02      0.00000000e+00      0.00000000e+00      0.00000000e+00      0.00000000e+00      0.00000000e+00      
2.73970000e+02      0.00000000e+00      0.00000000e+00      0.00000000e+00      0.00000000e+00      0.00000000e+00      
2.74730000e+02      0.00000000e+00      0.00000000e+00      0.00000000e+00      0.00000000e+00      0.00000000e+00      
2.75480000e+02      0.00000000e+00      0.00000000e+00      0.00000000e+00      0.00000000e+00      0.00000000e+00      
2.76240000e+02      0.00000000e+00      0.00000000e+00      0.00000000e+00      0.00000000e+00      0.00000000e+00      
2.77010000e+02      0.00000000e+00      0.00000000e+00      0.00000000e+00      0.00000000e+00      0.00000000e+00      
2.77780000e+02      0.00000000e+00      0.00000000e+00      0.00000000e+00      0.00000000e+00      0.00000000e+00      
2.78550000e+02      0.00000000e+00      0.00000000e+00      0.00000000e+00      0.00000000e+00      0.00000000e+00      
2.79330000e+02      0.00000000e+00      0.00000000e+00      0.00000000e+00      0.00000000e+00      0.00000000e+00      
2.80110000e+02      0.00000000e+00      0.00000000e+00      0.00000000e+00      0.00000000e+00      0.00000000e+00      
2.80900000e+02      0.00000000e+00      0.00000000e+00      0.00000000e+00      0.00000000e+00      0.00000000e+00      
2.81690000e+02      0.00000000e+00      0.00000000e+00      0.00000000e+00      0.00000000e+00      0.00000000e+00      
2.82490000e+02      0.00000000e+00      0.00000000e+00      0.00000000e+00      0.00000000e+00      0.00000000e+00      
2.83290000e+02      0.00000000e+00      0.00000000e+00      0.00000000e+00      0.00000000e+00      0.00000000e+00      
2.84090000e+02      0.00000000e+00      0.00000000e+00      0.00000000e+00      0.00000000e+00      0.00000000e+00      
2.84900000e+02      0.00000000e+00      0.00000000e+00      0.00000000e+00      0.00000000e+00      0.00000000e+00      
2.85710000e+02      0.00000000e+00      0.00000000e+00      0.00000000e+00      0.00000000e+00      0.00000000e+00      
2.86530000e+02      0.00000000e+00      0.00000000e+00      0.00000000e+00      0.00000000e+00      0.00000000e+00      
2.87360000e+02      0.00000000e+00      0.00000000e+00      0.00000000e+00      0.00000000e+00      0.00000000e+00      
2.88180000e+02      0.00000000e+00      0.00000000e+00      0.00000000e+00      0.00000000e+00      0.00000000e+00      
2.89020000e+02      0.00000000e+00      0.00000000e+00      0.00000000e+00      0.00000000e+00      0.00000000e+00      
2.89860000e+02      0.00000000e+00      0.00000000e+00      0.00000000e+00      0.00000000e+00      0.00000000e+00      
2.90700000e+02      0.00000000e+00      0.00000000e+00      0.00000000e+00      0.00000000e+00      0.00000000e+00      
2.91550000e+02      0.00000000e+00      0.00000000e+00      0.00000000e+00      0.00000000e+00      0.00000000e+00      
2.92400000e+02      0.00000000e+00      0.00000000e+00      0.00000000e+00      0.00000000e+00      0.00000000e+00      
2.93260000e+02      0.00000000e+00      0.00000000e+00      0.00000000e+00      0.00000000e+00      0.00000000e+00      
2.94120000e+02      0.00000000e+00      0.00000000e+00      0.00000000e+00      0.00000000e+00      0.00000000e+00      
2.94990000e+02      0.00000000e+00      0.00000000e+00      0.00000000e+00      0.00000000e+00      0.00000000e+00      
2.95860000e+02      0.00000000e+00      0.00000000e+00      0.00000000e+00      0.00000000e+00      0.00000000e+00      
2.96740000e+02      0.00000000e+00      0.00000000e+00      0.00000000e+00      0.00000000e+00      0.00000000e+00      
2.97620000e+02      0.00000000e+00      0.00000000e+00      0.00000000e+00      0.00000000e+00      0.00000000e+00      
2.98510000e+02      0.00000000e+00      0.00000000e+00      0.00000000e+00      0.00000000e+00      0.00000000e+00      
2.99400000e+02      0.00000000e+00      0.00000000e+00      0.00000000e+00      0.00000000e+00      0.00000000e+00      
3.00300000e+02      0.00000000e+00      0.00000000e+00      0.00000000e+00      0.00000000e+00      0.00000000e+00      
3.01200000e+02      0.00000000e+00      0.00000000e+00      0.00000000e+00      0.00000000e+00      0.00000000e+00      
3.02110000e+02      0.00000000e+00      0.00000000e+00      0.00000000e+00      0.00000000e+00      0.00000000e+00      
3.03030000e+02      0.00000000e+00      0.00000000e+00      0.00000000e+00      0.00000000e+00      0.00000000e+00      
3.03950000e+02      0.00000000e+00      0.00000000e+00      0.00000000e+00      0.00000000e+00      0.00000000e+00      
3.04880000e+02      0.00000000e+00      0.00000000e+00      0.00000000e+00      0.00000000e+00      0.00000000e+00      
3.05810000e+02      0.00000000e+00      0.00000000e+00      0.00000000e+00      0.00000000e+00      0.00000000e+00      
3.06750000e+02      0.00000000e+00      0.00000000e+00      0.00000000e+00      0.00000000e+00      0.00000000e+00      
3.07690000e+02      0.00000000e+00      0.00000000e+00      0.00000000e+00      0.00000000e+00      0.00000000e+00      
3.08640000e+02      0.00000000e+00      0.00000000e+00      0.00000000e+00      0.00000000e+00      0.00000000e+00      
3.09600000e+02      0.00000000e+00      0.00000000e+00      0.00000000e+00      0.00000000e+00      0.00000000e+00      
3.10560000e+02      0.00000000e+00      0.00000000e+00      0.00000000e+00      0.00000000e+00      0.00000000e+00      
3.11530000e+02      0.00000000e+00      0.00000000e+00      0.00000000e+00      0.00000000e+00      0.00000000e+00      
3.12500000e+02      0.00000000e+00      0.00000000e+00      0.00000000e+00      0.00000000e+00      0.00000000e+00      
3.13480000e+02      0.00000000e+00      0.00000000e+00      0.00000000e+00      0.00000000e+00      0.00000000e+00      
3.14470000e+02      0.00000000e+00      0.00000000e+00      0.00000000e+00      0.00000000e+00      0.00000000e+00      
3.15460000e+02      0.00000000e+00      0.00000000e+00      0.00000000e+00      0.00000000e+00      0.00000000e+00      
3.16460000e+02      0.00000000e+00      0.00000000e+00      0.00000000e+00      0.00000000e+00      0.00000000e+00      
3.17460000e+02      0.00000000e+00      0.00000000e+00      0.00000000e+00      0.00000000e+00      0.00000000e+00      
3.18470000e+02      0.00000000e+00      0.00000000e+00      0.00000000e+00      0.00000000e+00      0.00000000e+00      
3.19490000e+02      0.00000000e+00      0.00000000e+00      0.00000000e+00      0.00000000e+00      0.00000000e+00      
3.20510000e+02      0.00000000e+00      0.00000000e+00      0.00000000e+00      0.00000000e+00      0.00000000e+00      
3.21540000e+02      0.00000000e+00      0.00000000e+00      0.00000000e+00      0.00000000e+00      0.00000000e+00      
3.22580000e+02      0.00000000e+00      0.00000000e+00      0.00000000e+00      0.00000000e+00      0.00000000e+00      
3.23620000e+02      0.00000000e+00      0.00000000e+00      0.00000000e+00      0.00000000e+00      0.00000000e+00      
3.24680000e+02      0.00000000e+00      0.00000000e+00      0.00000000e+00      0.00000000e+00      0.00000000e+00      
3.25730000e+02      0.00000000e+00      0.00000000e+00      0.00000000e+00      0.00000000e+00      0.00000000e+00      
3.26800000e+02      0.00000000e+00      0.00000000e+00      0.00000000e+00      0.00000000e+00      0.00000000e+00      
3.27870000e+02      0.00000000e+00      0.00000000e+00      0.00000000e+00      0.00000000e+00      0.00000000e+00      
3.28950000e+02      0.00000000e+00      0.00000000e+00      0.00000000e+00      0.00000000e+00      0.00000000e+00      
3.30030000e+02      0.00000000e+00      0.00000000e+00      0.00000000e+00      0.00000000e+00      0.00000000e+00      
3.31130000e+02      0.00000000e+00      0.00000000e+00      0.00000000e+00      0.00000000e+00      0.00000000e+00      
3.32230000e+02      0.00000000e+00      0.00000000e+00      0.00000000e+00      0.00000000e+00      0.00000000e+00      
3.33330000e+02      0.00000000e+00      0.00000000e+00      0.00000000e+00      0.00000000e+00      0.00000000e+00      
3.34450000e+02      0.00000000e+00      0.00000000e+00      0.00000000e+00      0.00000000e+00      0.00000000e+00      
3.35570000e+02      0.00000000e+00      0.00000000e+00      0.00000000e+00      0.00000000e+00      0.00000000e+00      
3.36700000e+02      0.00000000e+00      0.00000000e+00      0.00000000e+00      0.00000000e+00      0.00000000e+00      
3.37840000e+02      0.00000000e+00      0.00000000e+00      0.00000000e+00      0.00000000e+00      0.00000000e+00      
3.38980000e+02      0.00000000e+00      0.00000000e+00      0.00000000e+00      0.00000000e+00      0.00000000e+00      
3.40140000e+02      0.00000000e+00      0.00000000e+00      0.00000000e+00      0.00000000e+00      0.00000000e+00      
3.41300000e+02      0.00000000e+00      0.00000000e+00      0.00000000e+00      0.00000000e+00      0.00000000e+00      
3.42470000e+02      0.00000000e+00      0.00000000e+00      0.00000000e+00      0.00000000e+00      0.00000000e+00      
3.43640000e+02      0.00000000e+00      0.00000000e+00      0.00000000e+00      0.00000000e+00      0.00000000e+00      
3.44830000e+02      0.00000000e+00      0.00000000e+00      0.00000000e+00      0.00000000e+00      0.00000000e+00      
3.46020000e+02      0.00000000e+00      0.00000000e+00      0.00000000e+00      0.00000000e+00      0.00000000e+00      
3.47220000e+02      0.00000000e+00      0.00000000e+00      0.00000000e+00      0.00000000e+00      0.00000000e+00      
3.48430000e+02      0.00000000e+00      0.00000000e+00      0.00000000e+00      0.00000000e+00      0.00000000e+00      
3.49650000e+02      0.00000000e+00      0.00000000e+00      0.00000000e+00      0.00000000e+00      0.00000000e+00      
3.50880000e+02      0.00000000e+00      0.00000000e+00      0.00000000e+00      0.00000000e+00      0.00000000e+00      
3.52110000e+02      0.00000000e+00      0.00000000e+00      0.00000000e+00      0.00000000e+00      0.00000000e+00      
3.53360000e+02      0.00000000e+00      0.00000000e+00      0.00000000e+00      0.00000000e+00      0.00000000e+00      
3.54610000e+02      0.00000000e+00      0.00000000e+00      0.00000000e+00      0.00000000e+00      0.00000000e+00      
3.55870000e+02      0.00000000e+00      0.00000000e+00      0.00000000e+00      0.00000000e+00      0.00000000e+00      
3.57140000e+02      0.00000000e+00      0.00000000e+00      0.00000000e+00      0.00000000e+00      0.00000000e+00      
3.58420000e+02      0.00000000e+00      0.00000000e+00      0.00000000e+00      0.00000000e+00      0.00000000e+00      
3.59710000e+02      0.00000000e+00      0.00000000e+00      0.00000000e+00      0.00000000e+00      0.00000000e+00      
3.61010000e+02      0.00000000e+00      0.00000000e+00      0.00000000e+00      0.00000000e+00      0.00000000e+00      
3.62320000e+02      0.00000000e+00      0.00000000e+00      0.00000000e+00      0.00000000e+00      0.00000000e+00      
3.63640000e+02      0.00000000e+00      0.00000000e+00      0.00000000e+00      0.00000000e+00      0.00000000e+00      
3.64960000e+02      0.00000000e+00      0.00000000e+00      0.00000000e+00      0.00000000e+00      0.00000000e+00      
3.66300000e+02      0.00000000e+00      0.00000000e+00      0.00000000e+00      0.00000000e+00      0.00000000e+00      
3.67650000e+02      0.00000000e+00      0.00000000e+00      0.00000000e+00      0.00000000e+00      0.00000000e+00      
3.69000000e+02      0.00000000e+00      0.00000000e+00      0.00000000e+00      0.00000000e+00      0.00000000e+00      
3.70370000e+02      0.00000000e+00      0.00000000e+00      0.00000000e+00      0.00000000e+00      0.00000000e+00      
3.71750000e+02      0.00000000e+00      0.00000000e+00      0.00000000e+00      0.00000000e+00      0.00000000e+00      
3.73130000e+02      0.00000000e+00      0.00000000e+00      0.00000000e+00      0.00000000e+00      0.00000000e+00      
3.74530000e+02      0.00000000e+00      0.00000000e+00      0.00000000e+00      0.00000000e+00      0.00000000e+00      
3.75940000e+02      0.00000000e+00      0.00000000e+00      0.00000000e+00      0.00000000e+00      0.00000000e+00      
3.77360000e+02      0.00000000e+00      0.00000000e+00      0.00000000e+00      0.00000000e+00      0.00000000e+00      
3.78790000e+02      0.00000000e+00      0.00000000e+00      0.00000000e+00      0.00000000e+00      0.00000000e+00      
3.80230000e+02      0.00000000e+00      0.00000000e+00      0.00000000e+00      0.00000000e+00      0.00000000e+00      
3.81680000e+02      0.00000000e+00      0.00000000e+00      0.00000000e+00      0.00000000e+00      0.00000000e+00      
3.83140000e+02      0.00000000e+00      0.00000000e+00      0.00000000e+00      0.00000000e+00      0.00000000e+00      
3.84620000e+02      0.00000000e+00      0.00000000e+00      0.00000000e+00      0.00000000e+00      0.00000000e+00      
3.86100000e+02      0.00000000e+00      0.00000000e+00      0.00000000e+00      0.00000000e+00      0.00000000e+00      
3.87600000e+02      0.00000000e+00      0.00000000e+00      0.00000000e+00      0.00000000e+00      0.00000000e+00      
3.89110000e+02      0.00000000e+00      0.00000000e+00      0.00000000e+00      0.00000000e+00      0.00000000e+00      
3.90620000e+02      0.00000000e+00      0.00000000e+00      0.00000000e+00      0.00000000e+00      0.00000000e+00      
3.92160000e+02      0.00000000e+00      0.00000000e+00      0.00000000e+00      0.00000000e+00      0.00000000e+00      
3.93700000e+02      0.00000000e+00      0.00000000e+00      0.00000000e+00      0.00000000e+00      0.00000000e+00      
3.95260000e+02      0.00000000e+00      0.00000000e+00      0.00000000e+00      0.00000000e+00      0.00000000e+00      
3.96830000e+02      0.00000000e+00      0.00000000e+00      0.00000000e+00      0.00000000e+00      0.00000000e+00      
3.98410000e+02      0.00000000e+00      0.00000000e+00      0.00000000e+00      0.00000000e+00      0.00000000e+00      
4.00000000e+02      0.00000000e+00      0.00000000e+00      0.00000000e+00      0.00000000e+00      0.00000000e+00      
4.01610000e+02      0.00000000e+00      0.00000000e+00      0.00000000e+00      0.00000000e+00      0.00000000e+00      
4.03230000e+02      0.00000000e+00      0.00000000e+00      0.00000000e+00      0.00000000e+00      0.00000000e+00      
4.04860000e+02      0.00000000e+00      0.00000000e+00      0.00000000e+00      0.00000000e+00      0.00000000e+00      
4.06500000e+02      0.00000000e+00      0.00000000e+00      0.00000000e+00      0.00000000e+00      0.00000000e+00      
4.08160000e+02      0.00000000e+00      0.00000000e+00      0.00000000e+00      0.00000000e+00      0.00000000e+00      
4.09840000e+02      0.00000000e+00      0.00000000e+00      0.00000000e+00      0.00000000e+00      0.00000000e+00      
4.11520000e+02      0.00000000e+00      0.00000000e+00      0.00000000e+00      0.00000000e+00      0.00000000e+00      
4.13220000e+02      0.00000000e+00      0.00000000e+00      0.00000000e+00      0.00000000e+00      0.00000000e+00      
4.14940000e+02      0.00000000e+00      0.00000000e+00      0.00000000e+00      0.00000000e+00      0.00000000e+00      
4.16670000e+02      0.00000000e+00      0.00000000e+00      0.00000000e+00      0.00000000e+00      0.00000000e+00      
4.18410000e+02      0.00000000e+00      0.00000000e+00      0.00000000e+00      0.00000000e+00      0.00000000e+00      
4.20170000e+02      0.00000000e+00      0.00000000e+00      0.00000000e+00      0.00000000e+00      0.00000000e+00      
4.21940000e+02      0.00000000e+00      0.00000000e+00      0.00000000e+00      0.00000000e+00      0.00000000e+00      
4.23730000e+02      0.00000000e+00      0.00000000e+00      0.00000000e+00      0.00000000e+00      0.00000000e+00      
4.25530000e+02      0.00000000e+00      0.00000000e+00      0.00000000e+00      0.00000000e+00      0.00000000e+00      
4.27350000e+02      0.00000000e+00      0.00000000e+00      0.00000000e+00      0.00000000e+00      0.00000000e+00      
4.29180000e+02      0.00000000e+00      0.00000000e+00      0.00000000e+00      0.00000000e+00      0.00000000e+00      
4.31030000e+02      0.00000000e+00      0.00000000e+00      0.00000000e+00      0.00000000e+00      0.00000000e+00      
4.32900000e+02      0.00000000e+00      0.00000000e+00      0.00000000e+00      0.00000000e+00      0.00000000e+00      
4.34780000e+02      0.00000000e+00      0.00000000e+00      0.00000000e+00      0.00000000e+00      0.00000000e+00      
4.36680000e+02      0.00000000e+00      0.00000000e+00      0.00000000e+00      0.00000000e+00      0.00000000e+00      
4.38600000e+02      0.00000000e+00      0.00000000e+00      0.00000000e+00      0.00000000e+00      0.00000000e+00      
4.40530000e+02      0.00000000e+00      0.00000000e+00      0.00000000e+00      0.00000000e+00      0.00000000e+00      
4.42480000e+02      0.00000000e+00      0.00000000e+00      0.00000000e+00      0.00000000e+00      0.00000000e+00      
4.44440000e+02      0.00000000e+00      0.00000000e+00      0.00000000e+00      0.00000000e+00      0.00000000e+00      
4.46430000e+02      0.00000000e+00      0.00000000e+00      0.00000000e+00      0.00000000e+00      0.00000000e+00      
4.48430000e+02      0.00000000e+00      0.00000000e+00      0.00000000e+00      0.00000000e+00      0.00000000e+00      
4.50450000e+02      0.00000000e+00      0.00000000e+00      0.00000000e+00      0.00000000e+00      0.00000000e+00      
4.52490000e+02      0.00000000e+00      0.00000000e+00      0.00000000e+00      0.00000000e+00      0.00000000e+00      
4.54550000e+02      0.00000000e+00      0.00000000e+00      0.00000000e+00      0.00000000e+00      0.00000000e+00      
4.56620000e+02      0.00000000e+00      0.00000000e+00      0.00000000e+00      0.00000000e+00      0.00000000e+00      
4.58720000e+02      0.00000000e+00      0.00000000e+00      0.00000000e+00      0.00000000e+00      0.00000000e+00      
4.60830000e+02      0.00000000e+00      0.00000000e+00      0.00000000e+00      0.00000000e+00      0.00000000e+00      
4.62960000e+02      0.00000000e+00      0.00000000e+00      0.00000000e+00      0.00000000e+00      0.00000000e+00      
4.65120000e+02      0.00000000e+00      0.00000000e+00      0.00000000e+00      0.00000000e+00      0.00000000e+00      
4.67290000e+02      0.00000000e+00      0.00000000e+00      0.00000000e+00      0.00000000e+00      0.00000000e+00      
4.69480000e+02      0.00000000e+00      0.00000000e+00      0.00000000e+00      0.00000000e+00      0.00000000e+00      
4.71700000e+02      0.00000000e+00      0.00000000e+00      0.00000000e+00      0.00000000e+00      0.00000000e+00      
4.73930000e+02      0.00000000e+00      0.00000000e+00      0.00000000e+00      0.00000000e+00      0.00000000e+00      
4.76190000e+02      0.00000000e+00      0.00000000e+00      0.00000000e+00      0.00000000e+00      0.00000000e+00      
4.78470000e+02      0.00000000e+00      0.00000000e+00      0.00000000e+00      0.00000000e+00      0.00000000e+00      
4.80770000e+02      0.00000000e+00      0.00000000e+00      0.00000000e+00      0.00000000e+00      0.00000000e+00      
4.83090000e+02      0.00000000e+00      0.00000000e+00      0.00000000e+00      0.00000000e+00      0.00000000e+00      
4.85440000e+02      0.00000000e+00      0.00000000e+00      0.00000000e+00      0.00000000e+00      0.00000000e+00      
4.87800000e+02      0.00000000e+00      0.00000000e+00      0.00000000e+00      0.00000000e+00      0.00000000e+00      
4.90200000e+02      0.00000000e+00      0.00000000e+00      0.00000000e+00      0.00000000e+00      0.00000000e+00      
4.92610000e+02      0.00000000e+00      0.00000000e+00      0.00000000e+00      0.00000000e+00      0.00000000e+00      
4.95050000e+02      0.00000000e+00      0.00000000e+00      0.00000000e+00      0.00000000e+00      0.00000000e+00      
4.97510000e+02      0.00000000e+00      0.00000000e+00      0.00000000e+00      0.00000000e+00      0.00000000e+00      
5.00000000e+02      0.00000000e+00      0.00000000e+00      0.00000000e+00      0.00000000e+00      0.00000000e+00      
5.02510000e+02      0.00000000e+00      0.00000000e+00      0.00000000e+00      0.00000000e+00      0.00000000e+00      
5.05050000e+02      0.00000000e+00      0.00000000e+00      0.00000000e+00      0.00000000e+00      0.00000000e+00      
5.07610000e+02      0.00000000e+00      0.00000000e+00      0.00000000e+00      0.00000000e+00      0.00000000e+00      
5.10200000e+02      0.00000000e+00      0.00000000e+00      0.00000000e+00      0.00000000e+00      0.00000000e+00      
5.12820000e+02      0.00000000e+00      0.00000000e+00      0.00000000e+00      0.00000000e+00      0.00000000e+00      
5.15460000e+02      0.00000000e+00      0.00000000e+00      0.00000000e+00      0.00000000e+00      0.00000000e+00      
5.18130000e+02      0.00000000e+00      0.00000000e+00      0.00000000e+00      0.00000000e+00      0.00000000e+00      
5.20830000e+02      0.00000000e+00      0.00000000e+00      0.00000000e+00      0.00000000e+00      0.00000000e+00      
5.23560000e+02      0.00000000e+00      0.00000000e+00      0.00000000e+00      0.00000000e+00      0.00000000e+00      
5.26320000e+02      0.00000000e+00      0.00000000e+00      0.00000000e+00      0.00000000e+00      0.00000000e+00      
5.29100000e+02      0.00000000e+00      0.00000000e+00      0.00000000e+00      0.00000000e+00      0.00000000e+00      
5.31910000e+02      0.00000000e+00      0.00000000e+00      0.00000000e+00      0.00000000e+00      0.00000000e+00      
5.34760000e+02      0.00000000e+00      0.00000000e+00      0.00000000e+00      0.00000000e+00      0.00000000e+00      
5.37630000e+02      0.00000000e+00      0.00000000e+00      0.00000000e+00      0.00000000e+00      0.00000000e+00      
5.40540000e+02      0.00000000e+00      0.00000000e+00      0.00000000e+00      0.00000000e+00      0.00000000e+00      
5.43480000e+02      0.00000000e+00      0.00000000e+00      0.00000000e+00      0.00000000e+00      0.00000000e+00      
5.46450000e+02      0.00000000e+00      0.00000000e+00      0.00000000e+00      0.00000000e+00      0.00000000e+00      
5.49450000e+02      0.00000000e+00      0.00000000e+00      0.00000000e+00      0.00000000e+00      0.00000000e+00      
5.52490000e+02      0.00000000e+00      0.00000000e+00      0.00000000e+00      0.00000000e+00      0.00000000e+00      
5.55560000e+02      0.00000000e+00      0.00000000e+00      0.00000000e+00      0.00000000e+00      0.00000000e+00      
5.58660000e+02      0.00000000e+00      0.00000000e+00      0.00000000e+00      0.00000000e+00      0.00000000e+00      
5.61800000e+02      0.00000000e+00      0.00000000e+00      0.00000000e+00      0.00000000e+00      0.00000000e+00      
5.64970000e+02      0.00000000e+00      0.00000000e+00      0.00000000e+00      0.00000000e+00      0.00000000e+00      
5.68180000e+02      0.00000000e+00      0.00000000e+00      0.00000000e+00      0.00000000e+00      0.00000000e+00      
5.71430000e+02      0.00000000e+00      0.00000000e+00      0.00000000e+00      0.00000000e+00      0.00000000e+00      
5.74710000e+02      0.00000000e+00      0.00000000e+00      0.00000000e+00      0.00000000e+00      0.00000000e+00      
5.78030000e+02      0.00000000e+00      0.00000000e+00      0.00000000e+00      0.00000000e+00      0.00000000e+00      
5.81400000e+02      0.00000000e+00      0.00000000e+00      0.00000000e+00      0.00000000e+00      0.00000000e+00      
5.84800000e+02      0.00000000e+00      0.00000000e+00      0.00000000e+00      0.00000000e+00      0.00000000e+00      
5.88240000e+02      0.00000000e+00      0.00000000e+00      0.00000000e+00      0.00000000e+00      0.00000000e+00      
5.91720000e+02      0.00000000e+00      0.00000000e+00      0.00000000e+00      0.00000000e+00      0.00000000e+00      
5.95240000e+02      0.00000000e+00      0.00000000e+00      0.00000000e+00      0.00000000e+00      0.00000000e+00      
5.98800000e+02      0.00000000e+00      0.00000000e+00      0.00000000e+00      0.00000000e+00      0.00000000e+00      
6.02410000e+02      0.00000000e+00      0.00000000e+00      0.00000000e+00      0.00000000e+00      0.00000000e+00      
6.06060000e+02      0.00000000e+00      0.00000000e+00      0.00000000e+00      0.00000000e+00      0.00000000e+00      
6.09760000e+02      0.00000000e+00      0.00000000e+00      0.00000000e+00      0.00000000e+00      0.00000000e+00      
6.13500000e+02      0.00000000e+00      0.00000000e+00      0.00000000e+00      0.00000000e+00      0.00000000e+00      
6.17280000e+02      0.00000000e+00      0.00000000e+00      0.00000000e+00      0.00000000e+00      0.00000000e+00      
6.21120000e+02      0.00000000e+00      0.00000000e+00      0.00000000e+00      0.00000000e+00      0.00000000e+00      
6.25000000e+02      0.00000000e+00      0.00000000e+00      0.00000000e+00      0.00000000e+00      0.00000000e+00      
6.28930000e+02      0.00000000e+00      0.00000000e+00      0.00000000e+00      0.00000000e+00      0.00000000e+00      
6.32910000e+02      0.00000000e+00      0.00000000e+00      0.00000000e+00      0.00000000e+00      0.00000000e+00      
6.36940000e+02      0.00000000e+00      0.00000000e+00      0.00000000e+00      0.00000000e+00      0.00000000e+00      
6.41030000e+02      0.00000000e+00      0.00000000e+00      0.00000000e+00      0.00000000e+00      0.00000000e+00      
6.45160000e+02      0.00000000e+00      0.00000000e+00      0.00000000e+00      0.00000000e+00      0.00000000e+00      
6.49350000e+02      0.00000000e+00      0.00000000e+00      0.00000000e+00      0.00000000e+00      0.00000000e+00      
6.53590000e+02      0.00000000e+00      0.00000000e+00      0.00000000e+00      0.00000000e+00      0.00000000e+00      
6.57890000e+02      0.00000000e+00      0.00000000e+00      0.00000000e+00      0.00000000e+00      0.00000000e+00      
6.62250000e+02      0.00000000e+00      0.00000000e+00      0.00000000e+00      0.00000000e+00      0.00000000e+00      
6.66670000e+02      0.00000000e+00      0.00000000e+00      0.00000000e+00      0.00000000e+00      0.00000000e+00      
6.71140000e+02      0.00000000e+00      0.00000000e+00      0.00000000e+00      0.00000000e+00      0.00000000e+00      
6.75680000e+02      0.00000000e+00      0.00000000e+00      0.00000000e+00      0.00000000e+00      0.00000000e+00      
6.80270000e+02      0.00000000e+00      0.00000000e+00      0.00000000e+00      0.00000000e+00      0.00000000e+00      
6.84930000e+02      0.00000000e+00      0.00000000e+00      0.00000000e+00      0.00000000e+00      0.00000000e+00      
6.89660000e+02      0.00000000e+00      0.00000000e+00      0.00000000e+00      0.00000000e+00      0.00000000e+00      
6.94440000e+02      0.00000000e+00      0.00000000e+00      0.00000000e+00      0.00000000e+00      0.00000000e+00      
6.99300000e+02      0.00000000e+00      0.00000000e+00      0.00000000e+00      0.00000000e+00      0.00000000e+00      
7.04230000e+02      0.00000000e+00      0.00000000e+00      0.00000000e+00      0.00000000e+00      0.00000000e+00      
7.09220000e+02      0.00000000e+00      0.00000000e+00      0.00000000e+00      0.00000000e+00      0.00000000e+00      
7.14290000e+02      0.00000000e+00      0.00000000e+00      0.00000000e+00      0.00000000e+00      0.00000000e+00      
7.19420000e+02      0.00000000e+00      0.00000000e+00      0.00000000e+00      0.00000000e+00      0.00000000e+00      
7.24640000e+02      0.00000000e+00      0.00000000e+00      0.00000000e+00      0.00000000e+00      0.00000000e+00      
7.29930000e+02      0.00000000e+00      0.00000000e+00      0.00000000e+00      0.00000000e+00      0.00000000e+00      
7.35290000e+02      0.00000000e+00      0.00000000e+00      0.00000000e+00      0.00000000e+00      0.00000000e+00      
7.40740000e+02      0.00000000e+00      0.00000000e+00      0.00000000e+00      0.00000000e+00      0.00000000e+00      
7.46270000e+02      0.00000000e+00      0.00000000e+00      0.00000000e+00      0.00000000e+00      0.00000000e+00      
7.51880000e+02      0.00000000e+00      0.00000000e+00      0.00000000e+00      0.00000000e+00      0.00000000e+00      
7.57580000e+02      0.00000000e+00      0.00000000e+00      0.00000000e+00      0.00000000e+00      0.00000000e+00      
7.63360000e+02      0.00000000e+00      0.00000000e+00      0.00000000e+00      0.00000000e+00      0.00000000e+00      
7.69230000e+02      0.00000000e+00      0.00000000e+00      0.00000000e+00      0.00000000e+00      0.00000000e+00      
7.75190000e+02      0.00000000e+00      0.00000000e+00      0.00000000e+00      0.00000000e+00      0.00000000e+00      
7.81250000e+02      0.00000000e+00      0.00000000e+00      0.00000000e+00      0.00000000e+00      0.00000000e+00      
7.87400000e+02      0.00000000e+00      0.00000000e+00      0.00000000e+00      0.00000000e+00      0.00000000e+00      
7.93650000e+02      0.00000000e+00      0.00000000e+00      0.00000000e+00      0.00000000e+00      0.00000000e+00      
8.00000000e+02      0.00000000e+00      0.00000000e+00      0.00000000e+00      0.00000000e+00      0.00000000e+00      
8.06450000e+02      0.00000000e+00      0.00000000e+00      0.00000000e+00      0.00000000e+00      0.00000000e+00      
8.13010000e+02      0.00000000e+00      0.00000000e+00      0.00000000e+00      0.00000000e+00      0.00000000e+00      
8.19670000e+02      0.00000000e+00      0.00000000e+00      0.00000000e+00      0.00000000e+00      0.00000000e+00      
8.26450000e+02      0.00000000e+00      0.00000000e+00      0.00000000e+00      0.00000000e+00      0.00000000e+00      
8.33330000e+02      0.00000000e+00      0.00000000e+00      0.00000000e+00      0.00000000e+00      0.00000000e+00      
8.40340000e+02      0.00000000e+00      0.00000000e+00      0.00000000e+00      0.00000000e+00      0.00000000e+00      
8.47460000e+02      0.00000000e+00      0.00000000e+00      0.00000000e+00      0.00000000e+00      0.00000000e+00      
8.54700000e+02      0.00000000e+00      0.00000000e+00      0.00000000e+00      0.00000000e+00      0.00000000e+00      
8.62070000e+02      0.00000000e+00      0.00000000e+00      0.00000000e+00      0.00000000e+00      0.00000000e+00      
8.69570000e+02      0.00000000e+00      0.00000000e+00      0.00000000e+00      0.00000000e+00      0.00000000e+00      
8.77190000e+02      0.00000000e+00      0.00000000e+00      0.00000000e+00      0.00000000e+00      0.00000000e+00      
8.84960000e+02      0.00000000e+00      0.00000000e+00      0.00000000e+00      0.00000000e+00      0.00000000e+00      
8.92860000e+02      0.00000000e+00      0.00000000e+00      0.00000000e+00      0.00000000e+00      0.00000000e+00      
9.00900000e+02      0.00000000e+00      0.00000000e+00      0.00000000e+00      0.00000000e+00      0.00000000e+00      
9.09090000e+02      0.00000000e+00      0.00000000e+00      0.00000000e+00      0.00000000e+00      0.00000000e+00      
9.17430000e+02      0.00000000e+00      0.00000000e+00      0.00000000e+00      0.00000000e+00      0.00000000e+00      
9.25930000e+02      0.00000000e+00      0.00000000e+00      0.00000000e+00      0.00000000e+00      0.00000000e+00      
9.34580000e+02      0.00000000e+00      0.00000000e+00      0.00000000e+00      0.00000000e+00      0.00000000e+00      
9.43400000e+02      0.00000000e+00      0.00000000e+00      0.00000000e+00      0.00000000e+00      0.00000000e+00      
9.52380000e+02      0.00000000e+00      0.00000000e+00      0.00000000e+00      0.00000000e+00      0.00000000e+00      
9.61540000e+02      0.00000000e+00      0.00000000e+00      0.00000000e+00      0.00000000e+00      0.00000000e+00      
9.70870000e+02      0.00000000e+00      0.00000000e+00      0.00000000e+00      0.00000000e+00      0.00000000e+00      
9.80390000e+02      0.00000000e+00      0.00000000e+00      0.00000000e+00      0.00000000e+00      0.00000000e+00      
9.90100000e+02      0.00000000e+00      0.00000000e+00      0.00000000e+00      0.00000000e+00      0.00000000e+00      
