O3 + hv => O1D + O2
wavelength (nm)   quantum yield
6.0000e-02        1.0000e+00     
1.1000e-01        1.0000e+00     
2.4000e-01        1.0000e+00     
6.2000e-01        1.0000e+00     
1.2600e+00        1.0000e+00     
2.2600e+00        1.0000e+00     
2.3600e+00        1.0000e+00     
2.4600e+00        1.0000e+00     
6.2100e+00        1.0000e+00     
1.2170e+01        1.0000e+00     
2.4860e+01        1.0000e+00     
6.2580e+01        1.0000e+00     
7.4150e+01        1.0000e+00     
1.0600e+02        1.0000e+00     
1.0700e+02        1.0000e+00     
1.0800e+02        1.0000e+00     
1.0900e+02        1.0000e+00     
1.1000e+02        1.0000e+00     
1.1100e+02        1.0000e+00     
1.1200e+02        1.0000e+00     
1.1300e+02        1.0000e+00     
1.1400e+02        1.0000e+00     
1.1500e+02        1.0000e+00     
1.1600e+02        1.0000e+00     
1.1700e+02        1.0000e+00     
1.1800e+02        1.0000e+00     
1.1900e+02        1.0000e+00     
1.2000e+02        1.0000e+00     
1.2100e+02        1.0000e+00     
1.2200e+02        1.0000e+00     
1.2300e+02        1.0000e+00     
1.2400e+02        1.0000e+00     
1.2500e+02        1.0000e+00     
1.2600e+02        1.0000e+00     
1.2700e+02        1.0000e+00     
1.2800e+02        1.0000e+00     
1.2900e+02        1.0000e+00     
1.3000e+02        1.0000e+00     
1.3100e+02        1.0000e+00     
1.3200e+02        1.0000e+00     
1.3300e+02        1.0000e+00     
1.3400e+02        1.0000e+00     
1.3500e+02        1.0000e+00     
1.3600e+02        1.0000e+00     
1.3650e+02        1.0000e+00     
1.3745e+02        1.0000e+00     
1.3840e+02        1.0000e+00     
1.3985e+02        1.0000e+00     
1.4180e+02        1.0000e+00     
1.4385e+02        1.0000e+00     
1.4595e+02        1.0000e+00     
1.4810e+02        1.0000e+00     
1.5035e+02        1.0000e+00     
1.5265e+02        1.0000e+00     
1.5500e+02        1.0000e+00     
1.5745e+02        1.0000e+00     
1.6000e+02        1.0000e+00     
1.6260e+02        1.0000e+00     
1.6530e+02        1.0000e+00     
1.6810e+02        1.0000e+00     
1.7095e+02        1.0000e+00     
1.7315e+02        1.0000e+00     
1.7465e+02        1.0000e+00     
1.7500e+02        1.0000e+00     
1.8000e+02        1.0000e+00     
1.8500e+02        1.0000e+00     
1.9000e+02        1.0000e+00     
1.9500e+02        1.0000e+00     
2.0000e+02        1.0000e+00     
2.1000e+02        1.0000e+00     
2.2000e+02        1.0000e+00     
2.3000e+02        1.0000e+00     
2.4000e+02        1.0000e+00     
2.5000e+02        1.0000e+00     
2.6000e+02        1.0000e+00     
2.7000e+02        1.0000e+00     
2.8000e+02        1.0000e+00     
2.9000e+02        1.0000e+00     
2.9750e+02        1.0000e+00     
2.9800e+02        1.0000e+00     
2.9850e+02        1.0000e+00     
2.9900e+02        1.0000e+00     
2.9950e+02        1.0000e+00     
3.0000e+02        1.0000e+00     
3.0050e+02        1.0000e+00     
3.0100e+02        1.0000e+00     
3.0150e+02        1.0000e+00     
3.0200e+02        1.0000e+00     
3.0250e+02        1.0000e+00     
3.0300e+02        1.0000e+00     
3.0350e+02        1.0000e+00     
3.0400e+02        1.0000e+00     
3.0450e+02        9.9065e-01     
3.0500e+02        9.8049e-01     
3.0550e+02        9.6809e-01     
3.0600e+02        9.4915e-01     
3.0650e+02        9.3293e-01     
3.0700e+02        9.0000e-01     
3.0750e+02        8.6765e-01     
3.0800e+02        8.2813e-01     
3.0850e+02        7.6975e-01     
3.0900e+02        7.3036e-01     
3.0950e+02        6.6981e-01     
3.1000e+02        5.9959e-01     
3.1050e+02        5.4028e-01     
3.1100e+02        4.8986e-01     
3.1150e+02        4.2978e-01     
3.1200e+02        3.8045e-01     
3.1250e+02        3.4063e-01     
3.1300e+02        2.9018e-01     
3.1350e+02        2.5000e-01     
3.1400e+02        2.1070e-01     
3.1450e+02        1.6997e-01     
3.1500e+02        1.4004e-01     
3.1550e+02        1.1000e-01     
3.1600e+02        7.8070e-02     
3.1650e+02        5.4034e-02     
3.1700e+02        3.7002e-02     
3.1750e+02        2.2010e-02     
3.1800e+02        1.1014e-02     
3.1850e+02        4.0000e-03     
3.1900e+02        1.0000e-03     
3.1950e+02        0.0000e+00     
3.2000e+02        0.0000e+00     
3.2050e+02        0.0000e+00     
3.2100e+02        0.0000e+00     
3.2150e+02        0.0000e+00     
3.2200e+02        0.0000e+00     
3.2250e+02        0.0000e+00     
3.2300e+02        0.0000e+00     
3.2350e+02        0.0000e+00     
3.2400e+02        0.0000e+00     
3.2450e+02        0.0000e+00     
3.2500e+02        0.0000e+00     
3.2550e+02        0.0000e+00     
3.2600e+02        0.0000e+00     
3.2650e+02        0.0000e+00     
3.2700e+02        0.0000e+00     
3.2750e+02        0.0000e+00     
3.2800e+02        0.0000e+00     
3.2850e+02        0.0000e+00     
3.2900e+02        0.0000e+00     
3.2950e+02        0.0000e+00     
3.3000e+02        0.0000e+00     
3.3100e+02        0.0000e+00     
3.3200e+02        0.0000e+00     
3.3300e+02        0.0000e+00     
3.3500e+02        0.0000e+00     
3.3700e+02        0.0000e+00     
3.3800e+02        0.0000e+00     
3.4000e+02        0.0000e+00     
3.4200e+02        0.0000e+00     
3.4350e+02        0.0000e+00     
3.5000e+02        0.0000e+00     
3.6000e+02        0.0000e+00     
4.0000e+02        0.0000e+00     
4.5000e+02        0.0000e+00     
5.0000e+02        0.0000e+00     
5.5000e+02        0.0000e+00     
6.0000e+02        0.0000e+00     
6.5000e+02        0.0000e+00     
7.0000e+02        0.0000e+00     
7.3500e+02        0.0000e+00     
8.0000e+02        0.0000e+00     
8.5000e+02        0.0000e+00     
9.0000e+02        0.0000e+00     
