O3 + hv => O + O2 (wavelength = nm, qy = unitless)
wavelength          300K                
6.00000000e-02      0.00000000e+00      
1.10000000e-01      0.00000000e+00      
2.40000000e-01      0.00000000e+00      
6.20000000e-01      0.00000000e+00      
1.26000000e+00      0.00000000e+00      
2.26000000e+00      0.00000000e+00      
2.36000000e+00      0.00000000e+00      
2.46000000e+00      0.00000000e+00      
6.21000000e+00      0.00000000e+00      
1.21700000e+01      0.00000000e+00      
2.48600000e+01      0.00000000e+00      
6.25800000e+01      0.00000000e+00      
7.41500000e+01      0.00000000e+00      
1.06000000e+02      0.00000000e+00      
1.07000000e+02      0.00000000e+00      
1.08000000e+02      0.00000000e+00      
1.09000000e+02      0.00000000e+00      
1.10000000e+02      0.00000000e+00      
1.11000000e+02      0.00000000e+00      
1.12000000e+02      0.00000000e+00      
1.13000000e+02      0.00000000e+00      
1.14000000e+02      0.00000000e+00      
1.15000000e+02      0.00000000e+00      
1.16000000e+02      0.00000000e+00      
1.17000000e+02      0.00000000e+00      
1.18000000e+02      0.00000000e+00      
1.19000000e+02      0.00000000e+00      
1.20000000e+02      0.00000000e+00      
1.21000000e+02      0.00000000e+00      
1.22000000e+02      0.00000000e+00      
1.23000000e+02      0.00000000e+00      
1.24000000e+02      0.00000000e+00      
1.25000000e+02      0.00000000e+00      
1.26000000e+02      0.00000000e+00      
1.27000000e+02      0.00000000e+00      
1.28000000e+02      0.00000000e+00      
1.29000000e+02      0.00000000e+00      
1.30000000e+02      0.00000000e+00      
1.31000000e+02      0.00000000e+00      
1.32000000e+02      0.00000000e+00      
1.33000000e+02      0.00000000e+00      
1.34000000e+02      0.00000000e+00      
1.35000000e+02      0.00000000e+00      
1.36000000e+02      0.00000000e+00      
1.36500000e+02      0.00000000e+00      
1.37450000e+02      0.00000000e+00      
1.38400000e+02      0.00000000e+00      
1.39850000e+02      0.00000000e+00      
1.41800000e+02      0.00000000e+00      
1.43850000e+02      0.00000000e+00      
1.45950000e+02      0.00000000e+00      
1.48100000e+02      0.00000000e+00      
1.50350000e+02      0.00000000e+00      
1.52650000e+02      0.00000000e+00      
1.55000000e+02      0.00000000e+00      
1.57450000e+02      0.00000000e+00      
1.60000000e+02      0.00000000e+00      
1.62600000e+02      0.00000000e+00      
1.65300000e+02      0.00000000e+00      
1.68100000e+02      0.00000000e+00      
1.70950000e+02      0.00000000e+00      
1.73150000e+02      0.00000000e+00      
1.74650000e+02      0.00000000e+00      
1.75000000e+02      0.00000000e+00      
1.80000000e+02      0.00000000e+00      
1.85000000e+02      0.00000000e+00      
1.90000000e+02      0.00000000e+00      
1.95000000e+02      0.00000000e+00      
2.00000000e+02      0.00000000e+00      
2.10000000e+02      0.00000000e+00      
2.20000000e+02      0.00000000e+00      
2.30000000e+02      0.00000000e+00      
2.40000000e+02      0.00000000e+00      
2.50000000e+02      0.00000000e+00      
2.60000000e+02      0.00000000e+00      
2.70000000e+02      0.00000000e+00      
2.80000000e+02      0.00000000e+00      
2.90000000e+02      0.00000000e+00      
2.97500000e+02      0.00000000e+00      
2.98000000e+02      0.00000000e+00      
2.98500000e+02      0.00000000e+00      
2.99000000e+02      0.00000000e+00      
2.99500000e+02      0.00000000e+00      
3.00000000e+02      0.00000000e+00      
3.00500000e+02      0.00000000e+00      
3.01000000e+02      0.00000000e+00      
3.01500000e+02      0.00000000e+00      
3.02000000e+02      0.00000000e+00      
3.02500000e+02      0.00000000e+00      
3.03000000e+02      0.00000000e+00      
3.03500000e+02      0.00000000e+00      
3.04000000e+02      0.00000000e+00      
3.04500000e+02      1.00000000e-02      
3.05000000e+02      2.00000000e-02      
3.05500000e+02      3.00000000e-02      
3.06000000e+02      5.00000000e-02      
3.06500000e+02      7.01220000e-02      
3.07000000e+02      1.00000000e-01      
3.07500000e+02      1.30150000e-01      
3.08000000e+02      1.70310000e-01      
3.08500000e+02      2.30250000e-01      
3.09000000e+02      2.69640000e-01      
3.09500000e+02      3.30190000e-01      
3.10000000e+02      4.00410000e-01      
3.10500000e+02      4.59720000e-01      
3.11000000e+02      5.10140000e-01      
3.11500000e+02      5.70220000e-01      
3.12000000e+02      6.19550000e-01      
3.12500000e+02      6.59370000e-01      
3.13000000e+02      7.09820000e-01      
3.13500000e+02      7.50000000e-01      
3.14000000e+02      7.89300000e-01      
3.14500000e+02      8.29860000e-01      
3.15000000e+02      8.60150000e-01      
3.15500000e+02      8.90570000e-01      
3.16000000e+02      9.21050000e-01      
3.16500000e+02      9.46210000e-01      
3.17000000e+02      9.62530000e-01      
3.17500000e+02      9.79110000e-01      
3.18000000e+02      9.89040000e-01      
3.18500000e+02      9.96880000e-01      
3.19000000e+02      1.00000000e+00      
3.19500000e+02      1.00000000e+00      
3.20000000e+02      1.00000000e+00      
3.20500000e+02      1.00000000e+00      
3.21000000e+02      1.00000000e+00      
3.21500000e+02      1.00000000e+00      
3.22000000e+02      1.00000000e+00      
3.22500000e+02      1.00000000e+00      
3.23000000e+02      1.00000000e+00      
3.23500000e+02      1.00000000e+00      
3.24000000e+02      1.00000000e+00      
3.24500000e+02      1.00000000e+00      
3.25000000e+02      1.00000000e+00      
3.25500000e+02      1.00000000e+00      
3.26000000e+02      1.00000000e+00      
3.26500000e+02      1.00000000e+00      
3.27000000e+02      1.00000000e+00      
3.27500000e+02      1.00000000e+00      
3.28000000e+02      1.00000000e+00      
3.28500000e+02      1.00000000e+00      
3.29000000e+02      1.00000000e+00      
3.29500000e+02      1.00000000e+00      
3.30000000e+02      1.00000000e+00      
3.31000000e+02      1.00000000e+00      
3.32000000e+02      1.00000000e+00      
3.33000000e+02      1.00000000e+00      
3.35000000e+02      1.00000000e+00      
3.37000000e+02      1.00000000e+00      
3.38000000e+02      1.00000000e+00      
3.40000000e+02      1.00000000e+00      
3.42000000e+02      1.00000000e+00      
3.43500000e+02      1.00000000e+00      
3.50000000e+02      1.00000000e+00      
3.60000000e+02      1.00000000e+00      
4.00000000e+02      1.00000000e+00      
4.50000000e+02      1.00000000e+00      
5.00000000e+02      1.00000000e+00      
5.50000000e+02      1.00000000e+00      
6.00000000e+02      1.00000000e+00      
6.50000000e+02      1.00000000e+00      
7.00000000e+02      1.00000000e+00      
7.35000000e+02      1.00000000e+00      
8.00000000e+02      1.00000000e+00      
8.50000000e+02      1.00000000e+00      
9.00000000e+02      1.00000000e+00      
