8.7767996682530329E-008  0.99711179180048182     
9.5947097904378163E-008  0.99710577604125894     
1.0489052756541996E-007  0.99709335053701875     
1.1466995675270959E-007  0.99707409718189177     
1.2536380811254373E-007  0.99704756934937544     
1.3705789618437358E-007  0.99701328938498046     
1.4984612914194580E-007  0.99697074581156886     
1.6383127794765110E-007  0.99691939021948628     
1.7912581953502761E-007  0.99685863381171902     
1.9585286130848492E-007  0.99678784357544925     
2.1414715499671573E-007  0.99670633805145825     
2.3415620872566158E-007  0.99661338267233490     
2.5604150709720415E-007  0.99650818464346891     
2.7997985008321631E-007  0.99638988734055600     
3.0616482268293842E-007  0.99625756419873834     
3.3480840855869273E-007  0.99611021207159700     
3.6614276227859870E-007  0.99594674403681771     
4.0042215637110061E-007  0.99576598162879704     
4.3792512115823633E-007  0.99556664647758897     
4.7895679730553810E-007  0.99534735133343222     
5.2385152323406823E-007  0.99510659045563765     
5.7297568201604804E-007  0.99484272934368789     
6.2673083515698063E-007  0.99455399378589959     
6.8555717379606160E-007  0.99423845819787393     
7.4993732137969107E-007  0.99389403322209602     
8.2040052583949341E-007  0.99351845255550364     
8.9752728379739709E-007  0.99310925897056246     
9.8195444440443219E-007  0.99266378949192857     
1.0743808461797366E-006  0.99217915969101766     
1.1755735467535040E-006  0.99165224706199229     
1.2863747128512830E-006  0.99107967344303005     
1.4077092463227407E-006  0.99045778644803517     
1.5405932316575096E-006  0.98978263988756232     
1.6861433014556164E-006  0.98904997315915044     
1.8455870289203520E-006  0.98825518959925840     
2.0202744708601724E-006  0.98739333380968586     
2.2116910012294060E-006  0.98645906798846772     
2.4214715942473803E-006  0.98544664731122855     
2.6514167379642028E-006  0.98434989444384591     
2.9035101842693509E-006  0.98316217330321953     
3.1799387703266947E-006  0.98187636221329821     
3.4831145798177533E-006  0.98048482665722558     
3.8156997509793911E-006  0.97897939187322636     
4.1806342830157372E-006  0.97735131560593647     
4.5811672439896014E-006  0.97559126140833230     
5.0208918431149617E-006  0.97368927293970564     
5.5037848994039188E-006  0.97163474982622933     
6.0342513187615696E-006  0.96941642574050779     
6.6171742844996624E-006  0.96702234946428145     
7.2579719738055458E-006  0.96443986983423624     
7.9626617375794997E-006  0.96165562558909190     
8.7379328255527379E-006  0.95865554130176256     
9.5912289061901981E-006  0.95542483072735251     
1.0530841825193256E-005  0.95194800903411125     
1.1566018270795857E-005  0.94820891557954556     
1.2707081274015154E-005  0.94419074902690803     
1.3965568772106545E-005  0.93987611674461291     
1.5354391809370636E-005  0.93524710057171967     
1.6888015348134820E-005  0.93028534110971439     
1.8582665120003893E-005  0.92497214278425166     
2.0456564472667114E-005  0.91928860187296246     
2.2530205765175080E-005  0.91321575969783042     
2.4826661548100218E-005  0.90673478291743770     
2.7371941534785026E-005  0.89982717269670254     
3.0195402243950013E-005  0.89247500397279889     
3.3330217163257071E-005  0.88466119568641544     
3.6813916372382030E-005  0.87636981190996832     
4.0689005750403127E-005  0.86758639310529395     
4.5003677189107140E-005  0.85829831560583947     
4.9812622624297257E-005  0.84849517611710745     
5.5177966142078792E-005  0.83816919684997526     
6.1170329907152607E-005  0.82731564522719481     
6.7870051104862677E-005  0.81593326067846506     
7.5368568415506559E-005  0.80402467952201917     
8.3769997605174037E-005  0.79159684763866422     
9.3192916477134497E-005  0.77866140928303185     
1.0377237936370605E-004  0.76523505988054275     
1.1566218028227589E-004  0.75133985023733718     
1.2903738130325400E-004  0.73700343012197278     
1.4409711804014798E-004  0.72225922012228905     
1.6106768650787847E-004  0.70714650311348992     
1.8020590401221682E-004  0.69171042928311888     
2.0180271951203158E-004  0.67600193312752554     
2.2618702435261593E-004  0.66007756565534514     
2.5372957971436598E-004  0.64399925112087075     
2.8499085847225129E-004  0.62751690913313019     
3.2072793130441182E-004  0.61027499828015230     
3.6172038216249729E-004  0.59224510437414302     
4.0883409334140487E-004  0.57351602373384358     
4.6308361487628643E-004  0.55418855325877014     
5.2565578019456703E-004  0.53437475255737310     
5.9793596197029830E-004  0.51419661917235160     
6.8153685512867973E-004  0.49378417655716828     
7.7832951627810915E-004  0.47327302015086270     
8.9047619550709984E-004  0.45280141715326816     
1.0204642828402439E-003  0.43250709824656874     
1.1711404714380698E-003  0.41252391349300427     
1.3457440390547924E-003  0.39297854411973260     
1.5479380130098432E-003  0.37398746095910612     
1.7818369502875632E-003  0.35565430274683579     
2.0520301990285964E-003  0.33806781061485630     
2.3635998383980863E-003  0.32130040985921160     
2.7221330470807528E-003  0.30540747904392268     
3.1337294374715365E-003  0.29042729373237675     
3.6050225687279105E-003  0.27638022880356511     
4.1432174515158250E-003  0.26326880017521570     
4.7560587646881024E-003  0.25108351465026180     
5.4518194898090918E-003  0.23980507108518678     
6.2393740872849577E-003  0.22940313887670982     
7.1282605624539697E-003  0.21983837091461964     
8.1287730355002370E-003  0.21106434856035647     
9.2520919156331774E-003  0.20302938150311162     
1.0510459289421320E-002  0.19567810006274122     
1.1917408459878433E-002  0.18895279358968187     
1.3488058899910772E-002  0.18279446934896854     
1.5239490954294801E-002  0.17714363349486195     
1.7191215895174722E-002  0.17194084623673653     
1.9365747959630791E-002  0.16712721159390778     
2.1789244185028790E-002  0.16264518453364277     
2.4492051273927565E-002  0.15844053282765996     
2.7508662976724094E-002  0.15446717275166658     
3.0875812746695153E-002  0.15069805821385496     
3.4625933661229222E-002  0.14714688950237698     
3.8771507194934468E-002  0.14390390146402926     
4.3278351607027789E-002  0.14117355924585473     
4.8046866543172910E-002  0.13925281217141075     
5.2968730144676401E-002  0.13832497295389018     
5.8080080318497186E-002  0.13814978008396606     
6.3512117073305424E-002  0.13835160646341094     
6.9334818787612357E-002  0.13879024386623634     
7.5580500565664441E-002  0.13943642059052910     
8.2268694684091204E-002  0.14029209031588918     
8.9410407413410012E-002  0.14137338559055690     
9.7014366545305167E-002  0.14269664294338003     
0.10508676551553092       0.14427862559127622     
0.11363074698597439       0.14613710893515686     
0.12264676085190102       0.14829031288790176     
0.13213313885917077       0.15075639573344454     
0.14208431117677991       0.15355577328662448     
0.15248507419772675       0.15671691155491141     
0.16331818759153677       0.16026759551587053     
0.17457363049899460       0.16422711196183729     
0.18624471255477631       0.16861217530896319     
0.19833035537844179       0.17343599664804954     
0.21083726583856535       0.17870749622029697     
0.22378158933184314       0.18443089822995290     
0.23718960522404994       0.19060594959733176     
0.25109715445037328       0.19722890743114718     
0.26554778373896060       0.20429424128179388     
0.28058996227549782       0.21179676211688642     
0.29627401857870805       0.21973372569350255     
0.31264948596979114       0.22810647413984569     
0.32976328683030964       0.23692139199104423     
0.34765878733307898       0.24619023520258562     
0.36637545533146748       0.25593007712435828     
0.38594878862798920       0.26616312793182034     
0.40641030224751162       0.27691657556564053     
0.42778750516236580       0.28822248978446646     
0.45010382615701916       0.30011781136252774     
0.47337839740328619       0.31264448345127460     
0.49762555188214369       0.32584981513994765     
0.52276004558359734       0.33984816250379990     
0.54862232621183815       0.35480294275155777     
0.57510375299943239       0.37084641223360615     
0.60224859454892643       0.38801659473095779     
0.63079868128618721       0.40590776426938302     
0.66150503383107084       0.42411463421746515     
0.69479262019749455       0.44245155797750657     
0.73135971057268112       0.46057530551628978     
0.77207900416531505       0.47806498804785041     
0.81777260097037741       0.49458321307491998     
0.87003464761828964       0.50940696342852609     
0.93024357036853700       0.52208413946637822     
0.99877360370577395       0.53285877380442748     
1.0762228460543470       0.54190756796308170     
1.1562951730417654       0.54874444561683677     
1.2377641657793577       0.55343636086921844     
1.3216565090158796       0.55665571130037195     
2.6574734564569380       0.29574890756478689     
4.2105772058622346       0.19886942554336376     
7.0339868009456881       0.12649443133824198     
11.521276456355757        8.2055381707757405E-002
18.285964859512521        5.4932432103361739E-002
28.784368028594791        3.7036615277279070E-002
44.808994648392989        2.5222279402791422E-002
68.880927399198839        1.7375975057806702E-002
104.49251595375671        1.2117538023085468E-002
156.41266261187351        8.5555194333282857E-003
231.06587764604379        6.1147950360911198E-003
336.99697083889566        4.4226660277904978E-003
485.43396220701010        3.2357616929942499E-003
690.96229688139806        2.3936627467879821E-003
972.32374589713959        1.7895336731204119E-003
1381.1178079094689        1.3229150832381939E-003
1977.1447087450604        9.6852078283902500E-004
2742.6755572022894        7.3181934878072249E-004
3695.7662267266865        5.6933457177442079E-004
4935.1475964671836        4.4659287344306218E-004
6533.2896118304561        3.5307409636260321E-004
8577.5143354619722        2.8123294322360731E-004