CO2 + hv => CO + O
wavelength (nm)   quantum yield
1.0000e-01        0.0000e+00     
4.0000e-01        0.0000e+00     
7.5000e-01        0.0000e+00     
1.2500e+00        0.0000e+00     
1.9000e+00        0.0000e+00     
2.6900e+00        0.0000e+00     
3.6000e+00        0.0000e+00     
5.1500e+00        0.0000e+00     
7.2500e+00        0.0000e+00     
9.3000e+00        0.0000e+00     
1.2050e+01        0.0000e+00     
1.5150e+01        0.0000e+00     
1.7250e+01        0.0000e+00     
1.8500e+01        0.0000e+00     
1.9750e+01        0.0000e+00     
2.1250e+01        0.0000e+00     
2.3000e+01        0.0000e+00     
2.5000e+01        0.0000e+00     
2.5700e+01        0.0000e+00     
2.7000e+01        0.0000e+00     
3.0380e+01        0.0000e+00     
4.3500e+01        0.0000e+00     
5.0740e+01        0.0000e+00     
5.0770e+01        0.0000e+00     
5.0820e+01        0.0000e+00     
5.2220e+01        0.0000e+00     
5.2580e+01        0.0000e+00     
5.3700e+01        0.0000e+00     
5.5330e+01        0.0000e+00     
5.5410e+01        0.0000e+00     
5.5450e+01        0.0000e+00     
5.5530e+01        0.0000e+00     
5.8270e+01        0.0000e+00     
5.8520e+01        0.0000e+00     
5.9000e+01        0.0000e+00     
6.0500e+01        0.0000e+00     
6.1000e+01        0.0000e+00     
6.1500e+01        0.0000e+00     
6.2000e+01        0.0000e+00     
6.2500e+01        0.0000e+00     
6.3000e+01        0.0000e+00     
6.3690e+01        0.0000e+00     
6.4000e+01        0.0000e+00     
6.5000e+01        0.0000e+00     
6.5950e+01        0.0000e+00     
6.6500e+01        0.0000e+00     
6.7000e+01        0.0000e+00     
6.7500e+01        0.0000e+00     
6.7700e+01        0.0000e+00     
6.8000e+01        0.0000e+00     
6.8200e+01        0.0000e+00     
6.8300e+01        0.0000e+00     
6.8500e+01        0.0000e+00     
6.8600e+01        0.0000e+00     
6.8700e+01        0.0000e+00     
6.8870e+01        0.0000e+00     
6.8930e+01        0.0000e+00     
6.8960e+01        0.0000e+00     
6.9000e+01        0.0000e+00     
6.9040e+01        0.0000e+00     
6.9090e+01        0.0000e+00     
6.9150e+01        0.0000e+00     
6.9210e+01        0.0000e+00     
6.9240e+01        0.0000e+00     
6.9290e+01        0.0000e+00     
6.9320e+01        0.0000e+00     
6.9360e+01        0.0000e+00     
6.9410e+01        0.0000e+00     
6.9440e+01        0.0000e+00     
6.9480e+01        0.0000e+00     
6.9570e+01        0.0000e+00     
6.9620e+01        0.0000e+00     
6.9660e+01        0.0000e+00     
6.9700e+01        0.0000e+00     
6.9730e+01        0.0000e+00     
6.9780e+01        0.0000e+00     
6.9850e+01        0.0000e+00     
6.9900e+01        0.0000e+00     
6.9950e+01        0.0000e+00     
7.0000e+01        0.0000e+00     
7.0050e+01        0.0000e+00     
7.0140e+01        0.0000e+00     
7.0190e+01        0.0000e+00     
7.0230e+01        0.0000e+00     
7.0300e+01        0.0000e+00     
7.0360e+01        0.0000e+00     
7.0410e+01        0.0000e+00     
7.0460e+01        0.0000e+00     
7.0500e+01        0.0000e+00     
7.0580e+01        0.0000e+00     
7.0630e+01        0.0000e+00     
7.0700e+01        0.0000e+00     
7.0760e+01        0.0000e+00     
7.0800e+01        0.0000e+00     
7.0850e+01        0.0000e+00     
7.0900e+01        0.0000e+00     
7.0930e+01        0.0000e+00     
7.0980e+01        0.0000e+00     
7.1060e+01        0.0000e+00     
7.1140e+01        0.0000e+00     
7.1170e+01        0.0000e+00     
7.1200e+01        0.0000e+00     
7.1240e+01        0.0000e+00     
7.1290e+01        0.0000e+00     
7.1330e+01        0.0000e+00     
7.1360e+01        0.0000e+00     
7.1410e+01        0.0000e+00     
7.1460e+01        0.0000e+00     
7.1490e+01        0.0000e+00     
7.1550e+01        0.0000e+00     
7.1600e+01        0.0000e+00     
7.1630e+01        0.0000e+00     
7.1680e+01        0.0000e+00     
7.1750e+01        0.0000e+00     
7.1800e+01        0.0000e+00     
7.1900e+01        0.0000e+00     
7.1940e+01        0.0000e+00     
7.1990e+01        0.0000e+00     
7.2040e+01        0.0000e+00     
7.2080e+01        0.0000e+00     
7.2130e+01        0.0000e+00     
7.2180e+01        0.0000e+00     
7.2230e+01        0.0000e+00     
7.2280e+01        0.0000e+00     
7.2350e+01        0.0000e+00     
7.2400e+01        0.0000e+00     
7.2500e+01        0.0000e+00     
7.2550e+01        0.0000e+00     
7.2620e+01        0.0000e+00     
7.2720e+01        0.0000e+00     
7.2760e+01        0.0000e+00     
7.2800e+01        0.0000e+00     
7.2840e+01        0.0000e+00     
7.2890e+01        0.0000e+00     
7.2940e+01        0.0000e+00     
7.3010e+01        0.0000e+00     
7.3080e+01        0.0000e+00     
7.3160e+01        0.0000e+00     
7.3210e+01        0.0000e+00     
7.3310e+01        0.0000e+00     
7.3360e+01        0.0000e+00     
7.3410e+01        0.0000e+00     
7.3480e+01        0.0000e+00     
7.3510e+01        0.0000e+00     
7.3550e+01        0.0000e+00     
7.3580e+01        0.0000e+00     
7.3620e+01        0.0000e+00     
7.3730e+01        0.0000e+00     
7.3830e+01        0.0000e+00     
7.3910e+01        0.0000e+00     
7.3980e+01        0.0000e+00     
7.4020e+01        0.0000e+00     
7.4070e+01        0.0000e+00     
7.4100e+01        0.0000e+00     
7.4150e+01        0.0000e+00     
7.4200e+01        0.0000e+00     
7.4320e+01        0.0000e+00     
7.4480e+01        0.0000e+00     
7.4510e+01        0.0000e+00     
7.4560e+01        0.0000e+00     
7.4620e+01        0.0000e+00     
7.4700e+01        0.0000e+00     
7.4770e+01        0.0000e+00     
7.4850e+01        0.0000e+00     
7.4950e+01        0.0000e+00     
7.5050e+01        0.0000e+00     
7.5150e+01        0.0000e+00     
7.5250e+01        0.0000e+00     
7.5380e+01        0.0000e+00     
7.5420e+01        0.0000e+00     
7.5470e+01        0.0000e+00     
7.5550e+01        0.0000e+00     
7.5590e+01        0.0000e+00     
7.5700e+01        0.0000e+00     
7.5770e+01        0.0000e+00     
7.5820e+01        0.0000e+00     
7.5860e+01        0.0000e+00     
7.5930e+01        0.0000e+00     
7.5980e+01        0.0000e+00     
7.6050e+01        0.0000e+00     
7.6090e+01        0.0000e+00     
7.6180e+01        0.0000e+00     
7.6240e+01        0.0000e+00     
7.6270e+01        0.0000e+00     
7.6300e+01        0.0000e+00     
7.6340e+01        0.0000e+00     
7.6480e+01        0.0000e+00     
7.6630e+01        0.0000e+00     
7.6700e+01        0.0000e+00     
7.6750e+01        0.0000e+00     
7.6880e+01        0.0000e+00     
7.6930e+01        0.0000e+00     
7.6960e+01        0.0000e+00     
7.7060e+01        0.0000e+00     
7.7130e+01        0.0000e+00     
7.7250e+01        0.0000e+00     
7.7440e+01        0.0000e+00     
7.7550e+01        0.0000e+00     
7.7700e+01        0.0000e+00     
7.7770e+01        0.0000e+00     
7.7900e+01        0.0000e+00     
7.8010e+01        0.0000e+00     
7.8110e+01        0.0000e+00     
7.8300e+01        0.0000e+00     
7.8420e+01        0.0000e+00     
7.8470e+01        0.0000e+00     
7.8600e+01        0.0000e+00     
7.8720e+01        0.0000e+00     
7.8820e+01        0.0000e+00     
7.8920e+01        0.0000e+00     
7.9120e+01        0.0000e+00     
7.9330e+01        0.0000e+00     
7.9510e+01        0.0000e+00     
7.9910e+01        0.0000e+00     
8.0110e+01        0.0000e+00     
8.0300e+01        0.0000e+00     
8.0400e+01        0.0000e+00     
8.0580e+01        0.0000e+00     
8.0720e+01        0.0000e+00     
8.0840e+01        0.0000e+00     
8.0990e+01        0.0000e+00     
8.1230e+01        0.0000e+00     
8.1570e+01        0.0000e+00     
8.1670e+01        0.0000e+00     
8.1820e+01        0.0000e+00     
8.1920e+01        0.0000e+00     
8.2070e+01        0.0000e+00     
8.2180e+01        0.0000e+00     
8.2320e+01        0.0000e+00     
8.2410e+01        0.0000e+00     
8.2620e+01        0.0000e+00     
8.2990e+01        0.0000e+00     
8.3080e+01        0.0000e+00     
8.3320e+01        0.0000e+00     
8.3600e+01        0.0000e+00     
8.4200e+01        0.0000e+00     
8.5000e+01        0.0000e+00     
8.5600e+01        0.0000e+00     
8.6000e+01        0.0000e+00     
8.6600e+01        0.0000e+00     
8.6950e+01        0.0000e+00     
8.7400e+01        0.0000e+00     
8.7600e+01        0.0000e+00     
8.8000e+01        0.0000e+00     
8.8560e+01        0.0000e+00     
8.8630e+01        0.0000e+00     
8.8800e+01        0.0000e+00     
8.8890e+01        0.0000e+00     
8.8940e+01        0.0000e+00     
8.8990e+01        0.0000e+00     
8.9070e+01        0.0000e+00     
8.9120e+01        0.0000e+00     
8.9160e+01        0.0000e+00     
8.9210e+01        0.0000e+00     
8.9260e+01        0.0000e+00     
8.9360e+01        0.0000e+00     
8.9400e+01        0.0000e+00     
8.9500e+01        0.0000e+00     
8.9570e+01        0.0000e+00     
8.9620e+01        0.0000e+00     
8.9690e+01        0.0000e+00     
8.9740e+01        0.0000e+00     
8.9770e+01        0.0000e+00     
8.9810e+01        0.0000e+00     
8.9900e+01        0.0000e+00     
9.0030e+01        0.0000e+00     
9.0080e+01        0.0000e+00     
9.0110e+01        0.0000e+00     
9.0160e+01        0.0000e+00     
9.0190e+01        0.0000e+00     
9.0240e+01        0.0000e+00     
9.0290e+01        0.0000e+00     
9.0340e+01        0.0000e+00     
9.0370e+01        0.0000e+00     
9.0410e+01        0.0000e+00     
9.0460e+01        0.0000e+00     
9.0490e+01        0.0000e+00     
9.0520e+01        0.0000e+00     
9.0580e+01        0.0000e+00     
9.0610e+01        0.0000e+00     
9.0640e+01        0.0000e+00     
9.0730e+01        0.0000e+00     
9.0830e+01        0.0000e+00     
9.0870e+01        0.0000e+00     
9.0900e+01        0.0000e+00     
9.0940e+01        0.0000e+00     
9.1000e+01        0.0000e+00     
9.1150e+01        0.0000e+00     
9.1300e+01        0.0000e+00     
9.1400e+01        0.0000e+00     
9.1500e+01        0.0000e+00     
9.1600e+01        0.0000e+00     
9.1700e+01        0.0000e+00     
9.1800e+01        0.0000e+00     
9.1900e+01        0.0000e+00     
9.2000e+01        0.0000e+00     
9.2100e+01        0.0000e+00     
9.2200e+01        0.0000e+00     
9.2250e+01        0.0000e+00     
9.2320e+01        0.0000e+00     
9.2400e+01        0.0000e+00     
9.2450e+01        0.0000e+00     
9.2500e+01        0.0000e+00     
9.2600e+01        0.0000e+00     
9.2700e+01        0.0000e+00     
9.2800e+01        0.0000e+00     
9.2900e+01        0.0000e+00     
9.3000e+01        0.0000e+00     
9.3050e+01        0.0000e+00     
9.3150e+01        0.0000e+00     
9.3220e+01        0.0000e+00     
9.3300e+01        0.0000e+00     
9.3350e+01        0.0000e+00     
9.3400e+01        0.0000e+00     
9.3450e+01        0.0000e+00     
9.3500e+01        0.0000e+00     
9.3550e+01        0.0000e+00     
9.3650e+01        0.0000e+00     
9.3700e+01        0.0000e+00     
9.3800e+01        0.0000e+00     
9.3900e+01        0.0000e+00     
9.4000e+01        0.0000e+00     
9.4080e+01        0.0000e+00     
9.4150e+01        0.0000e+00     
9.4250e+01        0.0000e+00     
9.4300e+01        0.0000e+00     
9.4400e+01        0.0000e+00     
9.4500e+01        0.0000e+00     
9.4600e+01        0.0000e+00     
9.4650e+01        0.0000e+00     
9.4700e+01        0.0000e+00     
9.4750e+01        0.0000e+00     
9.4850e+01        0.0000e+00     
9.4950e+01        0.0000e+00     
9.5000e+01        0.0000e+00     
9.5100e+01        0.0000e+00     
9.5200e+01        0.0000e+00     
9.5300e+01        0.0000e+00     
9.5450e+01        0.0000e+00     
9.5550e+01        0.0000e+00     
9.5600e+01        0.0000e+00     
9.5700e+01        0.0000e+00     
9.5800e+01        0.0000e+00     
9.5870e+01        0.0000e+00     
9.5970e+01        0.0000e+00     
9.6100e+01        0.0000e+00     
9.6200e+01        0.0000e+00     
9.6300e+01        0.0000e+00     
9.6400e+01        0.0000e+00     
9.6500e+01        0.0000e+00     
9.6600e+01        0.0000e+00     
9.6800e+01        0.0000e+00     
9.6950e+01        0.0000e+00     
9.7150e+01        0.0000e+00     
9.7200e+01        0.0000e+00     
9.7400e+01        0.0000e+00     
9.7500e+01        0.0000e+00     
9.7600e+01        0.0000e+00     
9.7700e+01        0.0000e+00     
9.7750e+01        0.0000e+00     
9.7900e+01        0.0000e+00     
9.7950e+01        0.0000e+00     
9.8000e+01        0.0000e+00     
9.8060e+01        0.0000e+00     
9.8150e+01        0.0000e+00     
9.8250e+01        0.0000e+00     
9.8450e+01        0.0000e+00     
9.8600e+01        0.0000e+00     
9.8700e+01        0.0000e+00     
9.8800e+01        0.0000e+00     
9.8900e+01        0.0000e+00     
9.9000e+01        0.0000e+00     
9.9200e+01        0.0000e+00     
9.9300e+01        0.0000e+00     
9.9450e+01        0.0000e+00     
9.9600e+01        0.0000e+00     
9.9750e+01        0.0000e+00     
9.9900e+01        0.0000e+00     
1.0000e+02        0.0000e+00     
1.0010e+02        0.0000e+00     
1.0020e+02        0.0000e+00     
1.0030e+02        0.0000e+00     
1.0045e+02        0.0000e+00     
1.0050e+02        0.0000e+00     
1.0075e+02        0.0000e+00     
1.0100e+02        0.0000e+00     
1.0130e+02        0.0000e+00     
1.0140e+02        0.0000e+00     
1.0150e+02        0.0000e+00     
1.0180e+02        0.0000e+00     
1.0190e+02        0.0000e+00     
1.0205e+02        0.0000e+00     
1.0220e+02        0.0000e+00     
1.0240e+02        0.0000e+00     
1.0250e+02        0.0000e+00     
1.0260e+02        0.0000e+00     
1.0280e+02        0.0000e+00     
1.0305e+02        0.0000e+00     
1.0330e+02        0.0000e+00     
1.0350e+02        0.0000e+00     
1.0375e+02        0.0000e+00     
1.0390e+02        0.0000e+00     
1.0405e+02        0.0000e+00     
1.0410e+02        0.0000e+00     
1.0430e+02        0.0000e+00     
1.0440e+02        0.0000e+00     
1.0450e+02        0.0000e+00     
1.0475e+02        0.0000e+00     
1.0500e+02        0.0000e+00     
1.0520e+02        0.0000e+00     
1.0540e+02        0.0000e+00     
1.0550e+02        0.0000e+00     
1.0570e+02        0.0000e+00     
1.0590e+02        0.0000e+00     
1.0610e+02        0.0000e+00     
1.0620e+02        0.0000e+00     
1.0630e+02        0.0000e+00     
1.0650e+02        0.0000e+00     
1.0670e+02        0.0000e+00     
1.0675e+02        0.0000e+00     
1.0690e+02        0.0000e+00     
1.0700e+02        0.0000e+00     
1.0720e+02        0.0000e+00     
1.0735e+02        0.0000e+00     
1.0750e+02        0.0000e+00     
1.0775e+02        0.0000e+00     
1.0800e+02        0.0000e+00     
1.0820e+02        0.0000e+00     
1.0830e+02        0.0000e+00     
1.0860e+02        0.0000e+00     
1.0870e+02        0.0000e+00     
1.0880e+02        0.0000e+00     
1.0900e+02        0.0000e+00     
1.0910e+02        0.0000e+00     
1.0920e+02        0.0000e+00     
1.0930e+02        0.0000e+00     
1.0940e+02        0.0000e+00     
1.0950e+02        0.0000e+00     
1.0970e+02        0.0000e+00     
1.0980e+02        0.0000e+00     
1.1000e+02        0.0000e+00     
1.1020e+02        0.0000e+00     
1.1030e+02        0.0000e+00     
1.1045e+02        0.0000e+00     
1.1060e+02        0.0000e+00     
1.1070e+02        0.0000e+00     
1.1090e+02        0.0000e+00     
1.1115e+02        0.0000e+00     
1.1140e+02        0.0000e+00     
1.1170e+02        0.0000e+00     
1.1200e+02        0.0000e+00     
1.1225e+02        0.0000e+00     
1.1250e+02        0.0000e+00     
1.1270e+02        0.0000e+00     
1.1280e+02        0.0000e+00     
1.1290e+02        0.0000e+00     
1.1315e+02        0.0000e+00     
1.1325e+02        0.0000e+00     
1.1355e+02        0.0000e+00     
1.1370e+02        0.0000e+00     
1.1380e+02        0.0000e+00     
1.1400e+02        0.0000e+00     
1.1420e+02        0.0000e+00     
1.1450e+02        0.0000e+00     
1.1465e+02        0.0000e+00     
1.1480e+02        0.0000e+00     
1.1500e+02        0.0000e+00     
1.1540e+02        0.0000e+00     
1.1570e+02        0.0000e+00     
1.1630e+02        0.0000e+00     
1.1660e+02        0.0000e+00     
1.1700e+02        0.0000e+00     
1.1740e+02        0.0000e+00     
1.1800e+02        0.0000e+00     
1.1830e+02        0.0000e+00     
1.1880e+02        0.0000e+00     
1.1930e+02        0.0000e+00     
1.1960e+02        0.0000e+00     
1.2000e+02        0.0000e+00     
1.2100e+02        0.0000e+00     
1.2157e+02        0.0000e+00     
1.2200e+02        0.0000e+00     
1.2300e+02        0.0000e+00     
1.2400e+02        0.0000e+00     
1.2500e+02        0.0000e+00     
1.2600e+02        0.0000e+00     
1.2700e+02        0.0000e+00     
1.2800e+02        0.0000e+00     
1.2900e+02        0.0000e+00     
1.3000e+02        0.0000e+00     
1.3050e+02        0.0000e+00     
1.3100e+02        0.0000e+00     
1.3150e+02        0.0000e+00     
1.3200e+02        0.0000e+00     
1.3250e+02        0.0000e+00     
1.3300e+02        0.0000e+00     
1.3350e+02        0.0000e+00     
1.3400e+02        0.0000e+00     
1.3450e+02        0.0000e+00     
1.3500e+02        0.0000e+00     
1.3550e+02        0.0000e+00     
1.3600e+02        0.0000e+00     
1.3650e+02        0.0000e+00     
1.3700e+02        0.0000e+00     
1.3750e+02        0.0000e+00     
1.3800e+02        0.0000e+00     
1.4000e+02        0.0000e+00     
1.4200e+02        0.0000e+00     
1.4400e+02        0.0000e+00     
1.4600e+02        0.0000e+00     
1.4800e+02        0.0000e+00     
1.4900e+02        0.0000e+00     
1.5000e+02        0.0000e+00     
1.5100e+02        0.0000e+00     
1.5200e+02        0.0000e+00     
1.5300e+02        0.0000e+00     
1.5400e+02        0.0000e+00     
1.5500e+02        0.0000e+00     
1.5600e+02        0.0000e+00     
1.5700e+02        0.0000e+00     
1.5800e+02        0.0000e+00     
1.5900e+02        0.0000e+00     
1.6000e+02        0.0000e+00     
1.6200e+02        0.0000e+00     
1.6400e+02        0.0000e+00     
1.6600e+02        0.0000e+00     
1.6800e+02        1.0000e+00     
1.7000e+02        1.0000e+00     
1.7500e+02        1.0000e+00     
1.8000e+02        1.0000e+00     
1.8500e+02        1.0000e+00     
1.9000e+02        1.0000e+00     
1.9500e+02        1.0000e+00     
2.2750e+02        1.0000e+00     
