CO2 + hv => CO + O1D (wavelength = nm, qy = unitless)
wavelength          300K                
1.00000000e-01      0.00000000e+00      
4.00000000e-01      0.00000000e+00      
7.50000000e-01      0.00000000e+00      
1.25000000e+00      0.00000000e+00      
1.90000000e+00      0.00000000e+00      
2.69000000e+00      0.00000000e+00      
3.60000000e+00      0.00000000e+00      
5.15000000e+00      0.00000000e+00      
7.25000000e+00      0.00000000e+00      
9.30000000e+00      0.00000000e+00      
1.20500000e+01      0.00000000e+00      
1.51500000e+01      0.00000000e+00      
1.72500000e+01      0.00000000e+00      
1.85000000e+01      0.00000000e+00      
1.97500000e+01      0.00000000e+00      
2.12500000e+01      0.00000000e+00      
2.30000000e+01      0.00000000e+00      
2.50000000e+01      0.00000000e+00      
2.57000000e+01      0.00000000e+00      
2.70000000e+01      0.00000000e+00      
3.03800000e+01      0.00000000e+00      
4.35000000e+01      0.00000000e+00      
5.07400000e+01      5.70000000e-03      
5.07700000e+01      5.86670000e-03      
5.08200000e+01      6.12460000e-03      
5.22200000e+01      1.38260000e-02      
5.25800000e+01      1.58010000e-02      
5.37000000e+01      2.19430000e-02      
5.53300000e+01      3.07690000e-02      
5.54100000e+01      3.12830000e-02      
5.54500000e+01      3.16270000e-02      
5.55300000e+01      3.18580000e-02      
5.82700000e+01      4.69770000e-02      
5.85200000e+01      4.46900000e-02      
5.90000000e+01      4.39130000e-02      
6.05000000e+01      4.19090000e-02      
6.10000000e+01      4.24370000e-02      
6.15000000e+01      4.05620000e-02      
6.20000000e+01      2.26910000e-02      
6.25000000e+01      3.96820000e-02      
6.30000000e+01      3.96820000e-02      
6.36900000e+01      3.41940000e-02      
6.40000000e+01      3.18980000e-02      
6.50000000e+01      2.39150000e-02      
6.59500000e+01      1.66180000e-02      
6.65000000e+01      3.96820000e-02      
6.70000000e+01      2.42790000e-02      
6.75000000e+01      1.58140000e-02      
6.77000000e+01      1.59910000e-02      
6.80000000e+01      3.42790000e-02      
6.82000000e+01      3.18980000e-02      
6.83000000e+01      3.61160000e-02      
6.85000000e+01      2.94870000e-02      
6.86000000e+01      5.47950000e-02      
6.87000000e+01      4.81930000e-02      
6.88700000e+01      6.53850000e-02      
6.89300000e+01      4.05620000e-02      
6.89600000e+01      5.22730000e-02      
6.90000000e+01      6.45160000e-02      
6.90400000e+01      6.51720000e-02      
6.90900000e+01      5.02490000e-02      
6.91500000e+01      5.86210000e-02      
6.92100000e+01      5.90640000e-02      
6.92400000e+01      3.44710000e-02      
6.92900000e+01      3.62010000e-02      
6.93200000e+01      3.37070000e-02      
6.93600000e+01      8.62500000e-02      
6.94100000e+01      5.78690000e-02      
6.94400000e+01      5.01820000e-02      
6.94800000e+01      5.07460000e-02      
6.95700000e+01      2.84270000e-02      
6.96200000e+01      4.34830000e-02      
6.96600000e+01      3.08720000e-02      
6.97000000e+01      3.03960000e-02      
6.97300000e+01      2.31050000e-02      
6.97800000e+01      7.80990000e-02      
6.98500000e+01      2.78020000e-02      
6.99000000e+01      3.16250000e-02      
6.99500000e+01      3.84920000e-02      
7.00000000e+01      5.12690000e-02      
7.00500000e+01      4.92040000e-02      
7.01400000e+01      3.42790000e-02      
7.01900000e+01      5.47950000e-02      
7.02300000e+01      6.93470000e-02      
7.03000000e+01      5.47950000e-02      
7.03600000e+01      4.18180000e-02      
7.04100000e+01      3.70970000e-02      
7.04600000e+01      4.61190000e-02      
7.05000000e+01      5.76920000e-02      
7.05800000e+01      4.88270000e-02      
7.06300000e+01      3.50250000e-02      
7.07000000e+01      1.16000000e-01      
7.07600000e+01      6.93550000e-02      
7.08000000e+01      5.47950000e-02      
7.08500000e+01      2.78020000e-02      
7.09000000e+01      4.12240000e-02      
7.09300000e+01      3.18980000e-02      
7.09800000e+01      6.09320000e-02      
7.10600000e+01      1.12010000e-01      
7.11400000e+01      7.44110000e-02      
7.11700000e+01      7.02480000e-02      
7.12000000e+01      6.60290000e-02      
7.12400000e+01      6.59340000e-02      
7.12900000e+01      7.41940000e-02      
7.13300000e+01      7.45100000e-02      
7.13600000e+01      6.59340000e-02      
7.14100000e+01      3.48970000e-02      
7.14600000e+01      6.10440000e-02      
7.14900000e+01      4.40910000e-02      
7.15500000e+01      4.69890000e-02      
7.16000000e+01      8.80000000e-02      
7.16300000e+01      8.27720000e-02      
7.16800000e+01      6.94850000e-02      
7.17500000e+01      9.61320000e-02      
7.18000000e+01      8.24280000e-02      
7.19000000e+01      9.02010000e-02      
7.19400000e+01      7.72730000e-02      
7.19900000e+01      6.93880000e-02      
7.20400000e+01      8.27960000e-02      
7.20800000e+01      7.34220000e-02      
7.21300000e+01      5.97010000e-02      
7.21800000e+01      1.00000000e-01      
7.22300000e+01      7.14290000e-02      
7.22800000e+01      8.53930000e-02      
7.23500000e+01      9.17010000e-02      
7.24000000e+01      8.17310000e-02      
7.25000000e+01      7.30890000e-02      
7.25500000e+01      6.97120000e-02      
7.26200000e+01      1.54890000e-01      
7.27200000e+01      8.60530000e-02      
7.27600000e+01      1.17050000e-01      
7.28000000e+01      7.21250000e-02      
7.28400000e+01      5.87230000e-02      
7.28900000e+01      6.09140000e-02      
7.29400000e+01      1.27140000e-01      
7.30100000e+01      8.47530000e-02      
7.30800000e+01      7.01750000e-02      
7.31600000e+01      6.33330000e-02      
7.32100000e+01      4.98860000e-02      
7.33100000e+01      5.71240000e-02      
7.33600000e+01      1.08950000e-01      
7.34100000e+01      6.50940000e-02      
7.34800000e+01      1.70040000e-01      
7.35100000e+01      1.06870000e-01      
7.35500000e+01      1.25890000e-01      
7.35800000e+01      5.38120000e-02      
7.36200000e+01      6.60290000e-02      
7.37300000e+01      4.63090000e-02      
7.38300000e+01      2.80000000e-02      
7.39100000e+01      4.11380000e-02      
7.39800000e+01      7.16980000e-02      
7.40200000e+01      3.40270000e-02      
7.40700000e+01      7.11340000e-02      
7.41000000e+01      8.80830000e-02      
7.41500000e+01      1.70920000e-01      
7.42000000e+01      1.32930000e-01      
7.43200000e+01      6.31250000e-02      
7.44800000e+01      6.88190000e-02      
7.45100000e+01      6.47440000e-02      
7.45600000e+01      1.00000000e-01      
7.46200000e+01      8.18180000e-02      
7.47000000e+01      7.26320000e-02      
7.47700000e+01      1.41090000e-01      
7.48500000e+01      1.38970000e-01      
7.49500000e+01      8.07020000e-02      
7.50500000e+01      7.76920000e-02      
7.51500000e+01      3.07350000e-01      
7.52500000e+01      1.60880000e-01      
7.53800000e+01      1.23020000e-01      
7.54200000e+01      8.45440000e-02      
7.54700000e+01      6.00500000e-02      
7.55500000e+01      3.08870000e-02      
7.55900000e+01      1.60130000e-02      
7.57000000e+01      4.39130000e-02      
7.57700000e+01      4.95100000e-02      
7.58200000e+01      5.12820000e-02      
7.58600000e+01      6.90750000e-02      
7.59300000e+01      8.16460000e-02      
7.59800000e+01      7.44110000e-02      
7.60500000e+01      7.20340000e-02      
7.60900000e+01      1.07920000e-01      
7.61800000e+01      1.18940000e-01      
7.62400000e+01      1.05970000e-01      
7.62700000e+01      1.10990000e-01      
7.63000000e+01      1.08030000e-01      
7.63400000e+01      1.05940000e-01      
7.64800000e+01      1.72750000e-01      
7.66300000e+01      1.17090000e-01      
7.67000000e+01      1.65340000e-01      
7.67500000e+01      1.38960000e-01      
7.68800000e+01      1.03940000e-01      
7.69300000e+01      8.18180000e-02      
7.69600000e+01      1.09090000e-01      
7.70600000e+01      1.13940000e-01      
7.71300000e+01      1.31920000e-01      
7.72500000e+01      1.19840000e-01      
7.74400000e+01      1.44920000e-01      
7.75500000e+01      1.43010000e-01      
7.77000000e+01      1.17960000e-01      
7.77700000e+01      1.36960000e-01      
7.79000000e+01      9.03050000e-02      
7.80100000e+01      1.79050000e-01      
7.81100000e+01      1.51990000e-01      
7.83000000e+01      1.63200000e-01      
7.84200000e+01      1.35120000e-01      
7.84700000e+01      1.23930000e-01      
7.86000000e+01      1.18910000e-01      
7.87200000e+01      1.21920000e-01      
7.88200000e+01      1.44850000e-01      
7.89200000e+01      1.56130000e-01      
7.91200000e+01      1.31960000e-01      
7.93300000e+01      1.35120000e-01      
7.95100000e+01      1.62810000e-01      
7.99100000e+01      1.27960000e-01      
8.01100000e+01      1.71000000e-01      
8.03000000e+01      1.50260000e-01      
8.04000000e+01      1.50260000e-01      
8.05800000e+01      1.39770000e-01      
8.07200000e+01      1.60100000e-01      
8.08400000e+01      1.50820000e-01      
8.09900000e+01      1.41750000e-01      
8.12300000e+01      1.29240000e-01      
8.15700000e+01      1.15240000e-01      
8.16700000e+01      1.06150000e-01      
8.18200000e+01      8.27590000e-02      
8.19200000e+01      7.89470000e-02      
8.20700000e+01      9.94150000e-02      
8.21800000e+01      9.01960000e-02      
8.23200000e+01      7.37230000e-02      
8.24100000e+01      5.87920000e-02      
8.26200000e+01      5.32310000e-02      
8.29900000e+01      4.02380000e-02      
8.30800000e+01      4.12200000e-02      
8.33200000e+01      3.78360000e-02      
8.36000000e+01      3.90000000e-02      
8.42000000e+01      4.90070000e-02      
8.50000000e+01      7.31710000e-02      
8.56000000e+01      7.70950000e-02      
8.60000000e+01      5.80490000e-02      
8.66000000e+01      5.99210000e-02      
8.69500000e+01      5.99290000e-02      
8.74000000e+01      8.27790000e-02      
8.76000000e+01      7.01370000e-02      
8.80000000e+01      1.07030000e-01      
8.85600000e+01      1.39070000e-01      
8.86300000e+01      1.49910000e-01      
8.88000000e+01      1.47070000e-01      
8.88900000e+01      1.46030000e-01      
8.89400000e+01      1.56030000e-01      
8.89900000e+01      1.80780000e-01      
8.90700000e+01      1.77290000e-01      
8.91200000e+01      2.08040000e-01      
8.91600000e+01      2.18350000e-01      
8.92100000e+01      2.15830000e-01      
8.92600000e+01      2.03930000e-01      
8.93600000e+01      2.23180000e-01      
8.94000000e+01      2.10080000e-01      
8.95000000e+01      2.19630000e-01      
8.95700000e+01      2.38410000e-01      
8.96200000e+01      2.20930000e-01      
8.96900000e+01      2.55130000e-01      
8.97400000e+01      2.52550000e-01      
8.97700000e+01      2.55620000e-01      
8.98100000e+01      2.67500000e-01      
8.99000000e+01      2.57080000e-01      
9.00300000e+01      3.38960000e-01      
9.00800000e+01      4.14950000e-01      
9.01100000e+01      4.38110000e-01      
9.01600000e+01      4.51000000e-01      
9.01900000e+01      4.49350000e-01      
9.02400000e+01      4.53070000e-01      
9.02900000e+01      4.57910000e-01      
9.03400000e+01      4.63390000e-01      
9.03700000e+01      4.63380000e-01      
9.04100000e+01      4.63890000e-01      
9.04600000e+01      4.63550000e-01      
9.04900000e+01      4.64410000e-01      
9.05200000e+01      4.64710000e-01      
9.05800000e+01      4.64570000e-01      
9.06100000e+01      4.64710000e-01      
9.06400000e+01      4.65540000e-01      
9.07300000e+01      4.66990000e-01      
9.08300000e+01      4.67970000e-01      
9.08700000e+01      4.68030000e-01      
9.09000000e+01      4.69140000e-01      
9.09400000e+01      4.69110000e-01      
9.10000000e+01      4.69350000e-01      
9.11500000e+01      4.73000000e-01      
9.13000000e+01      4.75930000e-01      
9.14000000e+01      4.77940000e-01      
9.15000000e+01      4.80000000e-01      
9.16000000e+01      4.81180000e-01      
9.17000000e+01      4.83330000e-01      
9.18000000e+01      4.85880000e-01      
9.19000000e+01      4.87690000e-01      
9.20000000e+01      4.89800000e-01      
9.21000000e+01      4.91490000e-01      
9.22000000e+01      4.93640000e-01      
9.22500000e+01      4.95650000e-01      
9.23200000e+01      4.95710000e-01      
9.24000000e+01      4.98150000e-01      
9.24500000e+01      4.98650000e-01      
9.25000000e+01      5.00000000e-01      
9.26000000e+01      5.03370000e-01      
9.27000000e+01      5.06740000e-01      
9.28000000e+01      5.10640000e-01      
9.29000000e+01      5.14290000e-01      
9.30000000e+01      5.20000000e-01      
9.30500000e+01      5.23080000e-01      
9.31500000e+01      5.29490000e-01      
9.32200000e+01      5.35290000e-01      
9.33000000e+01      5.40540000e-01      
9.33500000e+01      5.44090000e-01      
9.34000000e+01      5.48650000e-01      
9.34500000e+01      5.52540000e-01      
9.35000000e+01      5.56410000e-01      
9.35500000e+01      5.60980000e-01      
9.36500000e+01      5.68920000e-01      
9.37000000e+01      5.73330000e-01      
9.38000000e+01      5.83150000e-01      
9.39000000e+01      5.90770000e-01      
9.40000000e+01      6.00000000e-01      
9.40800000e+01      6.06740000e-01      
9.41500000e+01      6.13330000e-01      
9.42500000e+01      6.19750000e-01      
9.43000000e+01      6.23940000e-01      
9.44000000e+01      6.31480000e-01      
9.45000000e+01      6.38710000e-01      
9.46000000e+01      6.44680000e-01      
9.46500000e+01      6.48650000e-01      
9.47000000e+01      6.51110000e-01      
9.47500000e+01      6.54900000e-01      
9.48500000e+01      6.61290000e-01      
9.49500000e+01      6.67800000e-01      
9.50000000e+01      6.68750000e-01      
9.51000000e+01      6.76270000e-01      
9.52000000e+01      6.80650000e-01      
9.53000000e+01      6.86810000e-01      
9.54500000e+01      6.93880000e-01      
9.55500000e+01      6.98880000e-01      
9.56000000e+01      7.02440000e-01      
9.57000000e+01      7.05630000e-01      
9.58000000e+01      7.09760000e-01      
9.58700000e+01      7.14100000e-01      
9.59700000e+01      7.18180000e-01      
9.61000000e+01      7.25450000e-01      
9.62000000e+01      7.29790000e-01      
9.63000000e+01      7.33780000e-01      
9.64000000e+01      7.37500000e-01      
9.65000000e+01      7.43240000e-01      
9.66000000e+01      7.47060000e-01      
9.68000000e+01      7.53570000e-01      
9.69500000e+01      7.59180000e-01      
9.71500000e+01      7.64710000e-01      
9.72000000e+01      7.64860000e-01      
9.74000000e+01      7.68420000e-01      
9.75000000e+01      7.70270000e-01      
9.76000000e+01      7.73530000e-01      
9.77000000e+01      7.75560000e-01      
9.77500000e+01      7.75680000e-01      
9.79000000e+01      7.78380000e-01      
9.79500000e+01      7.79590000e-01      
9.80000000e+01      7.81080000e-01      
9.80600000e+01      7.82140000e-01      
9.81500000e+01      7.85190000e-01      
9.82500000e+01      7.84690000e-01      
9.84500000e+01      7.89290000e-01      
9.86000000e+01      7.91300000e-01      
9.87000000e+01      7.93020000e-01      
9.88000000e+01      7.96000000e-01      
9.89000000e+01      7.97440000e-01      
9.90000000e+01      8.00000000e-01      
9.92000000e+01      8.03700000e-01      
9.93000000e+01      8.07140000e-01      
9.94500000e+01      8.09170000e-01      
9.96000000e+01      8.11860000e-01      
9.97500000e+01      8.14710000e-01      
9.99000000e+01      8.18750000e-01      
1.00000000e+02      8.20000000e-01      
1.00100000e+02      8.20930000e-01      
1.00200000e+02      8.21870000e-01      
1.00300000e+02      8.24390000e-01      
1.00450000e+02      8.28000000e-01      
1.00500000e+02      8.27030000e-01      
1.00750000e+02      8.30910000e-01      
1.01000000e+02      8.36000000e-01      
1.01300000e+02      8.40740000e-01      
1.01400000e+02      8.40540000e-01      
1.01500000e+02      8.43480000e-01      
1.01800000e+02      8.45830000e-01      
1.01900000e+02      8.47060000e-01      
1.02050000e+02      8.53850000e-01      
1.02200000e+02      8.54050000e-01      
1.02400000e+02      8.59260000e-01      
1.02500000e+02      8.61110000e-01      
1.02600000e+02      8.62960000e-01      
1.02800000e+02      8.66670000e-01      
1.03050000e+02      8.75000000e-01      
1.03300000e+02      8.80000000e-01      
1.03500000e+02      8.85460000e-01      
1.03750000e+02      8.93000000e-01      
1.03900000e+02      9.00000000e-01      
1.04050000e+02      9.00000000e-01      
1.04100000e+02      9.00520000e-01      
1.04300000e+02      9.08000000e-01      
1.04400000e+02      9.09090000e-01      
1.04500000e+02      9.16670000e-01      
1.04750000e+02      9.21150000e-01      
1.05000000e+02      9.26800000e-01      
1.05200000e+02      9.30430000e-01      
1.05400000e+02      9.37210000e-01      
1.05500000e+02      9.40000000e-01      
1.05700000e+02      9.45450000e-01      
1.05900000e+02      9.50000000e-01      
1.06100000e+02      9.51470000e-01      
1.06200000e+02      9.50000000e-01      
1.06300000e+02      9.53850000e-01      
1.06500000e+02      9.57690000e-01      
1.06700000e+02      9.61000000e-01      
1.06750000e+02      9.61220000e-01      
1.06900000e+02      9.65000000e-01      
1.07000000e+02      9.68180000e-01      
1.07200000e+02      9.72160000e-01      
1.07350000e+02      9.75000000e-01      
1.07500000e+02      9.80850000e-01      
1.07750000e+02      9.87630000e-01      
1.08000000e+02      9.94000000e-01      
1.08200000e+02      1.00000000e+00      
1.08300000e+02      1.00000000e+00      
1.08600000e+02      1.00000000e+00      
1.08700000e+02      1.00000000e+00      
1.08800000e+02      1.00000000e+00      
1.09000000e+02      1.00000000e+00      
1.09100000e+02      1.00000000e+00      
1.09200000e+02      1.00000000e+00      
1.09300000e+02      1.00000000e+00      
1.09400000e+02      1.00000000e+00      
1.09500000e+02      1.00000000e+00      
1.09700000e+02      1.00000000e+00      
1.09800000e+02      1.00000000e+00      
1.10000000e+02      1.00000000e+00      
1.10200000e+02      1.00000000e+00      
1.10300000e+02      1.00000000e+00      
1.10450000e+02      1.00000000e+00      
1.10600000e+02      1.00000000e+00      
1.10700000e+02      1.00000000e+00      
1.10900000e+02      1.00000000e+00      
1.11150000e+02      1.00000000e+00      
1.11400000e+02      1.00000000e+00      
1.11700000e+02      1.00000000e+00      
1.12000000e+02      1.00000000e+00      
1.12250000e+02      1.00000000e+00      
1.12500000e+02      1.00000000e+00      
1.12700000e+02      1.00000000e+00      
1.12800000e+02      1.00000000e+00      
1.12900000e+02      1.00000000e+00      
1.13150000e+02      1.00000000e+00      
1.13250000e+02      1.00000000e+00      
1.13550000e+02      1.00000000e+00      
1.13700000e+02      1.00000000e+00      
1.13800000e+02      1.00000000e+00      
1.14000000e+02      1.00000000e+00      
1.14200000e+02      1.00000000e+00      
1.14500000e+02      1.00000000e+00      
1.14650000e+02      1.00000000e+00      
1.14800000e+02      1.00000000e+00      
1.15000000e+02      1.00000000e+00      
1.15400000e+02      1.00000000e+00      
1.15700000e+02      1.00000000e+00      
1.16300000e+02      1.00000000e+00      
1.16600000e+02      1.00000000e+00      
1.17000000e+02      1.00000000e+00      
1.17400000e+02      1.00000000e+00      
1.18000000e+02      1.00000000e+00      
1.18300000e+02      1.00000000e+00      
1.18800000e+02      1.00000000e+00      
1.19300000e+02      1.00000000e+00      
1.19600000e+02      1.00000000e+00      
1.20000000e+02      1.00000000e+00      
1.21000000e+02      1.00000000e+00      
1.21570000e+02      1.00000000e+00      
1.22000000e+02      1.00000000e+00      
1.23000000e+02      1.00000000e+00      
1.24000000e+02      1.00000000e+00      
1.25000000e+02      1.00000000e+00      
1.26000000e+02      1.00000000e+00      
1.27000000e+02      1.00000000e+00      
1.28000000e+02      1.00000000e+00      
1.29000000e+02      1.00000000e+00      
1.30000000e+02      1.00000000e+00      
1.30500000e+02      1.00000000e+00      
1.31000000e+02      1.00000000e+00      
1.31500000e+02      1.00000000e+00      
1.32000000e+02      1.00000000e+00      
1.32500000e+02      1.00000000e+00      
1.33000000e+02      1.00000000e+00      
1.33500000e+02      1.00000000e+00      
1.34000000e+02      1.00000000e+00      
1.34500000e+02      1.00000000e+00      
1.35000000e+02      1.00000000e+00      
1.35500000e+02      1.00000000e+00      
1.36000000e+02      1.00000000e+00      
1.36500000e+02      1.00000000e+00      
1.37000000e+02      1.00000000e+00      
1.37500000e+02      1.00000000e+00      
1.38000000e+02      1.00000000e+00      
1.40000000e+02      1.00000000e+00      
1.42000000e+02      1.00000000e+00      
1.44000000e+02      1.00000000e+00      
1.46000000e+02      1.00000000e+00      
1.48000000e+02      1.00000000e+00      
1.49000000e+02      1.00000000e+00      
1.50000000e+02      1.00000000e+00      
1.51000000e+02      1.00000000e+00      
1.52000000e+02      1.00000000e+00      
1.53000000e+02      1.00000000e+00      
1.54000000e+02      1.00000000e+00      
1.55000000e+02      1.00000000e+00      
1.56000000e+02      1.00000000e+00      
1.57000000e+02      1.00000000e+00      
1.58000000e+02      1.00000000e+00      
1.59000000e+02      1.00000000e+00      
1.60000000e+02      1.00000000e+00      
1.62000000e+02      1.00000000e+00      
1.64000000e+02      1.00000000e+00      
1.66000000e+02      1.00000000e+00      
1.68000000e+02      0.00000000e+00      
1.70000000e+02      0.00000000e+00      
1.75000000e+02      0.00000000e+00      
1.80000000e+02      0.00000000e+00      
1.85000000e+02      0.00000000e+00      
1.90000000e+02      0.00000000e+00      
1.95000000e+02      0.00000000e+00      
2.27500000e+02      0.00000000e+00      
