NO
wavelength (nm)   cross section (cm2/molecule)
1.0000e-01        1.1000e-22     
5.0000e-01        1.5700e-20     
1.0000e+00        1.1000e-19     
1.2000e+00        1.8100e-19     
1.4000e+00        2.9000e-19     
1.5000e+00        3.4000e-19     
1.6000e+00        3.9000e-19     
1.7000e+00        4.6000e-19     
1.8000e+00        5.3000e-19     
1.9000e+00        6.0000e-19     
2.0000e+00        7.1000e-19     
2.1000e+00        7.8000e-19     
2.2000e+00        8.9000e-19     
2.6000e+00        5.7800e-19     
2.8000e+00        6.9600e-19     
3.0000e+00        7.7400e-19     
3.5000e+00        1.2400e-19     
4.0000e+00        1.7300e-19     
4.5000e+00        2.2500e-19     
5.0000e+00        2.9000e-19     
6.0000e+00        4.6000e-19     
7.0000e+00        6.9000e-19     
8.0000e+00        9.9000e-19     
9.0000e+00        1.4100e-18     
1.0000e+01        1.8400e-18     
1.1000e+01        2.3300e-18     
1.2000e+01        2.8600e-18     
1.3000e+01        3.4000e-18     
1.5000e+01        4.5100e-18     
2.0000e+01        7.7000e-18     
2.5000e+01        1.1000e-17     
3.0000e+01        1.3800e-17     
3.5000e+01        1.6300e-17     
4.0000e+01        1.8200e-17     
4.5000e+01        2.1000e-17     
5.0000e+01        2.2900e-17     
5.5000e+01        2.4000e-17     
5.8430e+01        2.3100e-17     
5.9630e+01        2.5700e-17     
6.0140e+01        2.3800e-17     
6.1560e+01        2.4200e-17     
6.1620e+01        2.4100e-17     
6.2250e+01        2.3100e-17     
6.3250e+01        2.0800e-17     
6.4250e+01        2.1600e-17     
6.5250e+01        2.1600e-17     
6.6190e+01        1.9400e-17     
6.7200e+01        1.8200e-17     
6.8110e+01        1.8600e-17     
6.8240e+01        2.0500e-17     
6.8370e+01        1.7900e-17     
6.8470e+01        1.9400e-17     
6.8570e+01        1.7900e-17     
6.8680e+01        2.2700e-17     
6.8740e+01        2.3400e-17     
6.8860e+01        1.8600e-17     
6.9040e+01        2.3800e-17     
6.9170e+01        2.0100e-17     
6.9270e+01        2.2000e-17     
6.9430e+01        1.8200e-17     
6.9570e+01        2.8700e-17     
6.9680e+01        2.1200e-17     
6.9790e+01        2.3100e-17     
6.9910e+01        1.8600e-17     
6.9950e+01        1.9000e-17     
6.9990e+01        2.0100e-17     
7.0020e+01        1.9400e-17     
7.0060e+01        2.0100e-17     
7.0130e+01        1.8600e-17     
7.0210e+01        1.9000e-17     
7.0350e+01        2.1600e-17     
7.0460e+01        1.9400e-17     
7.0600e+01        2.7500e-17     
7.0790e+01        1.9700e-17     
7.0820e+01        2.1600e-17     
7.0850e+01        2.0500e-17     
7.0910e+01        2.2700e-17     
7.1060e+01        1.6400e-17     
7.1190e+01        2.0500e-17     
7.1240e+01        1.9400e-17     
7.1300e+01        2.1200e-17     
7.1380e+01        2.0500e-17     
7.1440e+01        2.2000e-17     
7.1670e+01        1.5600e-17     
7.1750e+01        2.0800e-17     
7.1810e+01        2.2300e-17     
7.1850e+01        1.9400e-17     
7.1890e+01        2.2700e-17     
7.1930e+01        2.3100e-17     
7.1980e+01        2.2000e-17     
7.2030e+01        2.4900e-17     
7.2180e+01        1.7900e-17     
7.2200e+01        1.8200e-17     
7.2250e+01        1.6400e-17     
7.2310e+01        1.7900e-17     
7.2340e+01        1.8600e-17     
7.2370e+01        2.2000e-17     
7.2400e+01        2.3100e-17     
7.2440e+01        2.3400e-17     
7.2530e+01        2.4200e-17     
7.2560e+01        2.6800e-17     
7.2600e+01        2.7200e-17     
7.2650e+01        2.8700e-17     
7.2740e+01        2.2300e-17     
7.2770e+01        2.2300e-17     
7.2810e+01        1.9400e-17     
7.2910e+01        3.3900e-17     
7.2950e+01        3.0500e-17     
7.2990e+01        2.9000e-17     
7.3070e+01        2.2000e-17     
7.3130e+01        2.2300e-17     
7.3170e+01        2.7500e-17     
7.3210e+01        2.5700e-17     
7.3240e+01        2.5700e-17     
7.3410e+01        1.6000e-17     
7.3450e+01        1.5300e-17     
7.3480e+01        1.5600e-17     
7.3530e+01        1.8200e-17     
7.3590e+01        1.9000e-17     
7.3640e+01        1.6700e-17     
7.3680e+01        1.6400e-17     
7.3740e+01        1.7900e-17     
7.3790e+01        2.5300e-17     
7.3860e+01        2.7200e-17     
7.4030e+01        1.4500e-17     
7.4100e+01        1.4100e-17     
7.4130e+01        1.6400e-17     
7.4190e+01        1.8600e-17     
7.4290e+01        1.6700e-17     
7.4320e+01        1.7500e-17     
7.4370e+01        1.6400e-17     
7.4440e+01        2.2700e-17     
7.4470e+01        2.2000e-17     
7.4520e+01        2.5700e-17     
7.4580e+01        2.0500e-17     
7.4610e+01        1.9700e-17     
7.4700e+01        1.4900e-17     
7.4750e+01        1.4500e-17     
7.4780e+01        1.4300e-17     
7.4810e+01        1.7900e-17     
7.4860e+01        1.6700e-17     
7.4900e+01        2.0100e-17     
7.4940e+01        1.7100e-17     
7.4970e+01        1.6400e-17     
7.5000e+01        1.5600e-17     
7.5050e+01        2.1600e-17     
7.5080e+01        2.0500e-17     
7.5110e+01        2.0800e-17     
7.5190e+01        1.5300e-17     
7.5230e+01        1.9400e-17     
7.5280e+01        1.9000e-17     
7.5320e+01        1.6700e-17     
7.5350e+01        1.7900e-17     
7.5410e+01        1.1800e-17     
7.5460e+01        1.9000e-17     
7.5530e+01        1.4100e-17     
7.5590e+01        2.6100e-17     
7.5690e+01        1.4100e-17     
7.5710e+01        1.4100e-17     
7.5740e+01        1.3800e-17     
7.5790e+01        2.6400e-17     
7.5840e+01        1.4500e-17     
7.5870e+01        1.3800e-17     
7.5920e+01        1.1900e-17     
7.5950e+01        1.4100e-17     
7.5990e+01        1.3800e-17     
7.6050e+01        3.2800e-17     
7.6120e+01        1.2700e-17     
7.6150e+01        1.4500e-17     
7.6180e+01        1.1900e-17     
7.6240e+01        1.3800e-17     
7.6270e+01        1.3800e-17     
7.6330e+01        1.3000e-17     
7.6390e+01        1.4100e-17     
7.6460e+01        4.2400e-17     
7.6520e+01        1.4900e-17     
7.6550e+01        1.8600e-17     
7.6600e+01        1.4900e-17     
7.6630e+01        1.5600e-17     
7.6660e+01        1.1500e-17     
7.6690e+01        1.1900e-17     
7.6730e+01        1.0600e-17     
7.6760e+01        1.0500e-17     
7.6840e+01        8.9000e-18     
7.6870e+01        1.0600e-17     
7.6920e+01        9.6800e-18     
7.7020e+01        1.8600e-17     
7.7060e+01        1.4700e-17     
7.7130e+01        7.0300e-17     
7.7210e+01        1.3200e-17     
7.7240e+01        1.5600e-17     
7.7270e+01        1.3200e-17     
7.7300e+01        1.4500e-17     
7.7330e+01        1.2700e-17     
7.7360e+01        1.2300e-17     
7.7400e+01        1.0300e-17     
7.7460e+01        1.0300e-17     
7.7520e+01        1.5300e-17     
7.7570e+01        1.4700e-17     
7.7600e+01        1.5600e-17     
7.7660e+01        1.7100e-17     
7.7690e+01        1.6000e-17     
7.7730e+01        1.7900e-17     
7.7960e+01        8.4100e-18     
7.8020e+01        8.2600e-18     
7.8070e+01        7.4800e-18     
7.8120e+01        8.9700e-18     
7.8150e+01        8.6700e-18     
7.8190e+01        1.2700e-17     
7.8240e+01        1.1700e-17     
7.8360e+01        1.0800e-16     
7.8430e+01        2.2700e-17     
7.8510e+01        2.0800e-17     
7.8580e+01        1.7100e-17     
7.8620e+01        1.5300e-17     
7.8670e+01        1.6700e-17     
7.8710e+01        1.6700e-17     
7.8740e+01        1.9000e-17     
7.8800e+01        1.4400e-17     
7.8860e+01        1.3400e-17     
7.8940e+01        1.7500e-17     
7.9010e+01        1.7100e-17     
7.9210e+01        3.3900e-17     
7.9390e+01        1.5300e-17     
7.9440e+01        1.6000e-17     
7.9550e+01        1.9700e-17     
7.9650e+01        1.7900e-17     
7.9690e+01        1.9700e-17     
7.9740e+01        1.7100e-17     
7.9770e+01        1.7900e-17     
7.9800e+01        1.7900e-17     
7.9840e+01        2.0500e-17     
7.9930e+01        2.1600e-17     
7.9970e+01        3.8000e-17     
8.0000e+01        3.2800e-17     
8.0030e+01        3.4600e-17     
8.0140e+01        2.6400e-17     
8.0210e+01        3.3900e-17     
8.0270e+01        2.7200e-17     
8.0370e+01        2.1600e-17     
8.0410e+01        1.9400e-17     
8.0440e+01        2.2700e-17     
8.0480e+01        1.9700e-17     
8.0510e+01        1.7500e-17     
8.0540e+01        1.9000e-17     
8.0600e+01        1.2800e-17     
8.0650e+01        1.5300e-17     
8.0700e+01        1.9400e-17     
8.0730e+01        1.9000e-17     
8.0780e+01        2.3400e-17     
8.0830e+01        1.8600e-17     
8.0900e+01        3.5400e-17     
8.0940e+01        7.1500e-17     
8.0970e+01        6.4400e-17     
8.1060e+01        1.0200e-16     
8.1220e+01        1.7500e-17     
8.1270e+01        2.4200e-17     
8.1320e+01        1.5300e-17     
8.1350e+01        1.5300e-17     
8.1450e+01        8.0400e-18     
8.1500e+01        7.9300e-18     
8.1550e+01        9.4500e-18     
8.1580e+01        9.3400e-18     
8.1620e+01        1.1500e-17     
8.1650e+01        1.1400e-17     
8.1680e+01        1.1300e-17     
8.1730e+01        1.1000e-17     
8.1760e+01        9.5300e-18     
8.1790e+01        9.9000e-18     
8.1820e+01        1.1500e-17     
8.1850e+01        1.1100e-17     
8.1880e+01        1.1900e-17     
8.1950e+01        1.7100e-17     
8.1990e+01        1.5300e-17     
8.2020e+01        1.5300e-17     
8.2050e+01        1.4900e-17     
8.2090e+01        1.6000e-17     
8.2120e+01        1.4300e-17     
8.2160e+01        1.4900e-17     
8.2250e+01        7.9600e-18     
8.2300e+01        7.8900e-18     
8.2370e+01        1.2200e-17     
8.2400e+01        1.1900e-17     
8.2450e+01        1.3100e-17     
8.2490e+01        1.1800e-17     
8.2530e+01        1.2500e-17     
8.2560e+01        1.3000e-17     
8.2620e+01        1.7500e-17     
8.2660e+01        1.6700e-17     
8.2690e+01        1.6000e-17     
8.2720e+01        1.6000e-17     
8.2780e+01        1.5100e-17     
8.2810e+01        1.4900e-17     
8.2870e+01        1.3100e-17     
8.2910e+01        1.3000e-17     
8.2940e+01        1.4000e-17     
8.3050e+01        1.0900e-17     
8.3110e+01        1.3200e-17     
8.3160e+01        1.2200e-17     
8.3250e+01        1.3100e-17     
8.3280e+01        1.6000e-17     
8.3320e+01        2.0800e-17     
8.3370e+01        1.8200e-17     
8.3400e+01        1.7100e-17     
8.3430e+01        2.0800e-17     
8.3460e+01        2.0500e-17     
8.3520e+01        2.2300e-17     
8.3560e+01        1.8200e-17     
8.3590e+01        1.7500e-17     
8.3730e+01        1.3500e-17     
8.3760e+01        1.3700e-17     
8.3850e+01        1.2100e-17     
8.3930e+01        1.3900e-17     
8.3970e+01        1.3700e-17     
8.4000e+01        1.4200e-17     
8.4050e+01        1.4500e-17     
8.4150e+01        1.2700e-17     
8.4200e+01        1.4600e-17     
8.4250e+01        1.9000e-17     
8.4290e+01        2.3400e-17     
8.4350e+01        2.3100e-17     
8.4460e+01        1.7500e-17     
8.4700e+01        1.3000e-17     
8.4850e+01        1.4900e-17     
8.4880e+01        1.4800e-17     
8.4970e+01        1.4700e-17     
8.5130e+01        2.2700e-17     
8.5200e+01        1.9400e-17     
8.5280e+01        2.2000e-17     
8.5430e+01        1.8600e-17     
8.5560e+01        1.4400e-17     
8.5630e+01        1.8600e-17     
8.5670e+01        1.6000e-17     
8.5700e+01        1.7500e-17     
8.5760e+01        1.5600e-17     
8.5790e+01        1.3400e-17     
8.5820e+01        1.3600e-17     
8.5910e+01        1.2500e-17     
8.5950e+01        1.3100e-17     
8.5980e+01        1.3000e-17     
8.6020e+01        1.3100e-17     
8.6060e+01        2.1600e-17     
8.6110e+01        1.7100e-17     
8.6150e+01        1.9400e-17     
8.6200e+01        1.6000e-17     
8.6230e+01        1.4700e-17     
8.6290e+01        2.5300e-17     
8.6330e+01        2.0800e-17     
8.6370e+01        2.2000e-17     
8.6400e+01        1.5600e-17     
8.6440e+01        1.3200e-17     
8.6470e+01        1.1500e-17     
8.6500e+01        1.0800e-17     
8.6530e+01        1.1300e-17     
8.6590e+01        1.4500e-17     
8.6630e+01        1.3500e-17     
8.6670e+01        1.4400e-17     
8.6710e+01        1.3100e-17     
8.6770e+01        1.3800e-17     
8.6860e+01        1.9700e-17     
8.6890e+01        1.9400e-17     
8.6940e+01        2.5700e-17     
8.7000e+01        1.9400e-17     
8.7030e+01        2.2300e-17     
8.7110e+01        1.4900e-17     
8.7140e+01        1.3300e-17     
8.7170e+01        1.3800e-17     
8.7210e+01        1.3600e-17     
8.7280e+01        1.4000e-17     
8.7310e+01        1.4400e-17     
8.7400e+01        1.3600e-17     
8.7430e+01        1.2700e-17     
8.7480e+01        1.2600e-17     
8.7510e+01        1.3200e-17     
8.7550e+01        1.3200e-17     
8.7580e+01        1.4100e-17     
8.7610e+01        1.4200e-17     
8.7620e+01        1.4100e-17     
8.7650e+01        1.5300e-17     
8.7680e+01        1.5300e-17     
8.7790e+01        1.9400e-17     
8.7820e+01        2.0500e-17     
8.7860e+01        1.9700e-17     
8.7890e+01        1.9000e-17     
8.7940e+01        1.7100e-17     
8.7980e+01        1.9400e-17     
8.8020e+01        1.7900e-17     
8.8110e+01        2.3300e-17     
8.8180e+01        3.6500e-17     
8.8230e+01        3.0100e-17     
8.8250e+01        3.4200e-17     
8.8300e+01        2.7900e-17     
8.8340e+01        2.0800e-17     
8.8400e+01        1.9400e-17     
8.8430e+01        1.9700e-17     
8.8500e+01        3.8000e-17     
8.8530e+01        3.5700e-17     
8.8570e+01        3.3500e-17     
8.8630e+01        2.5000e-17     
8.8680e+01        1.2100e-17     
8.8730e+01        1.8600e-17     
8.8760e+01        1.9000e-17     
8.8790e+01        1.9400e-17     
8.8840e+01        2.3100e-17     
8.8940e+01        7.0700e-17     
8.9090e+01        2.5300e-17     
8.9200e+01        1.8200e-17     
8.9270e+01        1.7900e-17     
8.9410e+01        2.4600e-17     
8.9450e+01        2.4600e-17     
8.9560e+01        3.8000e-17     
8.9660e+01        9.8600e-17     
8.9690e+01        1.6700e-16     
8.9730e+01        3.3500e-16     
8.9800e+01        1.5700e-16     
8.9870e+01        7.9300e-17     
8.9960e+01        4.1700e-17     
9.0100e+01        2.7900e-17     
9.0150e+01        2.6400e-17     
9.0240e+01        2.4900e-17     
9.0280e+01        2.4600e-17     
9.0370e+01        2.5300e-17     
9.0510e+01        2.8300e-17     
9.0610e+01        4.0900e-17     
9.0680e+01        4.9900e-17     
9.0760e+01        5.4000e-17     
9.0850e+01        4.5000e-17     
9.1050e+01        3.2000e-17     
9.1140e+01        2.9400e-17     
9.1210e+01        2.8700e-17     
9.1340e+01        2.7200e-17     
9.1420e+01        2.8300e-17     
9.1480e+01        2.7900e-17     
9.1600e+01        3.0100e-17     
9.1700e+01        3.1300e-17     
9.1780e+01        3.1300e-17     
9.1900e+01        3.4600e-17     
9.2000e+01        3.2800e-17     
9.2140e+01        2.9400e-17     
9.2230e+01        3.0500e-17     
9.2340e+01        3.3100e-17     
9.2400e+01        3.3100e-17     
9.2440e+01        3.5000e-17     
9.2480e+01        3.4200e-17     
9.2510e+01        3.2800e-17     
9.2580e+01        3.3500e-17     
9.2600e+01        3.3100e-17     
9.2680e+01        3.4600e-17     
9.2880e+01        2.9000e-17     
9.3000e+01        3.1300e-17     
9.3030e+01        3.2400e-17     
9.3150e+01        3.0500e-17     
9.3300e+01        2.1200e-17     
9.3460e+01        1.5300e-17     
9.3560e+01        1.5300e-17     
9.3620e+01        1.5600e-17     
9.3690e+01        1.6000e-17     
9.3760e+01        1.8200e-17     
9.4020e+01        3.0900e-17     
9.4160e+01        4.1300e-17     
9.4220e+01        3.4200e-17     
9.4320e+01        3.6100e-17     
9.4480e+01        2.2300e-17     
9.4520e+01        2.1600e-17     
9.4600e+01        2.0100e-17     
9.4670e+01        1.8200e-17     
9.4810e+01        1.5300e-17     
9.4910e+01        1.3400e-17     
9.4970e+01        1.4500e-17     
9.5090e+01        1.4700e-17     
9.5230e+01        1.3900e-17     
9.5370e+01        1.6800e-17     
9.5480e+01        1.9400e-17     
9.5570e+01        1.8200e-17     
9.5690e+01        1.7100e-17     
9.5780e+01        1.7100e-17     
9.5840e+01        1.6700e-17     
9.6000e+01        2.0100e-17     
9.6070e+01        2.0500e-17     
9.6170e+01        1.8200e-17     
9.6280e+01        1.8600e-17     
9.6410e+01        1.8200e-17     
9.6480e+01        1.7500e-17     
9.6600e+01        1.9400e-17     
9.6750e+01        1.9700e-17     
9.6830e+01        2.1200e-17     
9.6920e+01        2.1600e-17     
9.7030e+01        2.0800e-17     
9.7250e+01        2.2000e-17     
9.7340e+01        2.0800e-17     
9.7460e+01        2.0100e-17     
9.7620e+01        1.8200e-17     
9.7670e+01        1.7900e-17     
9.7750e+01        2.0800e-17     
9.7850e+01        1.9700e-17     
9.7920e+01        1.8600e-17     
9.8010e+01        1.7100e-17     
9.8130e+01        2.0100e-17     
9.8210e+01        3.0100e-17     
9.8380e+01        2.9400e-17     
9.8460e+01        2.6800e-17     
9.8610e+01        2.0800e-17     
9.8690e+01        1.9400e-17     
9.8850e+01        1.8600e-17     
9.8960e+01        1.8200e-17     
9.9060e+01        1.8200e-17     
9.9170e+01        1.6700e-17     
9.9330e+01        2.0100e-17     
9.9420e+01        1.9400e-17     
9.9520e+01        1.6400e-17     
9.9610e+01        1.7100e-17     
9.9660e+01        1.7100e-17     
9.9760e+01        2.3100e-17     
9.9880e+01        2.6800e-17     
1.0000e+02        2.8300e-17     
1.0007e+02        3.0900e-17     
1.0019e+02        2.8300e-17     
1.0026e+02        2.5700e-17     
1.0040e+02        2.2300e-17     
1.0046e+02        2.0800e-17     
1.0055e+02        2.1200e-17     
1.0062e+02        2.0500e-17     
1.0076e+02        1.9700e-17     
1.0088e+02        1.9400e-17     
1.0094e+02        1.8600e-17     
1.0100e+02        1.7100e-17     
1.0108e+02        1.6000e-17     
1.0115e+02        1.5300e-17     
1.0123e+02        1.5600e-17     
1.0135e+02        1.8200e-17     
1.0142e+02        1.8600e-17     
1.0160e+02        1.9400e-17     
1.0169e+02        2.2300e-17     
1.0178e+02        2.2000e-17     
1.0194e+02        2.1400e-17     
1.0208e+02        2.5700e-17     
1.0224e+02        2.3100e-17     
1.0234e+02        2.5300e-17     
1.0247e+02        2.2000e-17     
1.0257e+02        1.9400e-17     
1.0271e+02        1.4700e-17     
1.0282e+02        1.1900e-17     
1.0293e+02        1.0000e-17     
1.0302e+02        8.9300e-18     
1.0308e+02        9.1600e-18     
1.0319e+02        1.3800e-17     
1.0336e+02        1.7900e-17     
1.0343e+02        1.7100e-17     
1.0355e+02        1.4900e-17     
1.0365e+02        1.5300e-17     
1.0372e+02        1.6700e-17     
1.0381e+02        1.4100e-17     
1.0391e+02        7.4800e-18     
1.0399e+02        1.2200e-17     
1.0409e+02        1.6700e-17     
1.0425e+02        1.7100e-17     
1.0429e+02        1.6700e-17     
1.0435e+02        1.6400e-17     
1.0441e+02        1.6400e-17     
1.0453e+02        1.5300e-17     
1.0466e+02        1.2200e-17     
1.0471e+02        1.0800e-17     
1.0478e+02        9.1900e-18     
1.0495e+02        7.7800e-18     
1.0501e+02        8.4500e-18     
1.0506e+02        9.4900e-18     
1.0524e+02        1.2800e-17     
1.0542e+02        1.3800e-17     
1.0547e+02        1.1600e-17     
1.0555e+02        1.1800e-17     
1.0564e+02        1.2200e-17     
1.0588e+02        1.1900e-17     
1.0595e+02        9.5700e-18     
1.0617e+02        8.0400e-18     
1.0626e+02        1.0000e-17     
1.0636e+02        1.1900e-17     
1.0651e+02        1.3700e-17     
1.0664e+02        1.1200e-17     
1.0670e+02        9.1200e-18     
1.0676e+02        7.9300e-18     
1.0685e+02        7.0300e-18     
1.0689e+02        6.7500e-18     
1.0699e+02        6.2900e-18     
1.0707e+02        6.7400e-18     
1.0714e+02        6.4400e-18     
1.0722e+02        6.8100e-18     
1.0727e+02        6.7400e-18     
1.0732e+02        7.1100e-18     
1.0739e+02        7.1100e-18     
1.0753e+02        7.3700e-18     
1.0760e+02        7.7800e-18     
1.0770e+02        8.6000e-18     
1.0778e+02        1.0000e-17     
1.0798e+02        8.8600e-18     
1.0816e+02        1.1400e-17     
1.0830e+02        8.4900e-18     
1.0846e+02        7.7000e-18     
1.0861e+02        9.5300e-18     
1.0868e+02        8.8200e-18     
1.0877e+02        7.4800e-18     
1.0887e+02        6.4400e-18     
1.0900e+02        5.8100e-18     
1.0911e+02        5.5800e-18     
1.0917e+02        5.4000e-18     
1.0927e+02        5.3200e-18     
1.0934e+02        5.2500e-18     
1.0946e+02        4.9900e-18     
1.0959e+02        5.3600e-18     
1.0971e+02        5.0200e-18     
1.0979e+02        4.8400e-18     
1.0995e+02        4.4300e-18     
1.1006e+02        4.4300e-18     
1.1016e+02        4.0600e-18     
1.1021e+02        3.9500e-18     
1.1032e+02        4.2400e-18     
1.1038e+02        3.6000e-18     
1.1044e+02        4.1300e-18     
1.1050e+02        4.3500e-18     
1.1060e+02        4.3900e-18     
1.1072e+02        5.0600e-18     
1.1078e+02        4.8400e-18     
1.1083e+02        5.7700e-18     
1.1089e+02        6.1000e-18     
1.1099e+02        6.7700e-18     
1.1105e+02        6.3600e-18     
1.1116e+02        5.7700e-18     
1.1124e+02        5.2100e-18     
1.1132e+02        5.0200e-18     
1.1144e+02        4.6200e-18     
1.1151e+02        4.6200e-18     
1.1165e+02        4.3900e-18     
1.1175e+02        4.0200e-18     
1.1179e+02        3.8700e-18     
1.1183e+02        3.8300e-18     
1.1191e+02        3.8300e-18     
1.1196e+02        3.7200e-18     
1.1213e+02        3.7000e-18     
1.1225e+02        3.4200e-18     
1.1240e+02        3.3600e-18     
1.1248e+02        3.4500e-18     
1.1251e+02        3.2300e-18     
1.1260e+02        3.2700e-18     
1.1262e+02        3.3700e-18     
1.1269e+02        3.2900e-18     
1.1273e+02        4.2400e-18     
1.1283e+02        3.6200e-18     
1.1291e+02        3.8000e-18     
1.1296e+02        3.1100e-18     
1.1304e+02        3.2000e-18     
1.1314e+02        3.0700e-18     
1.1319e+02        2.7500e-18     
1.1328e+02        2.7800e-18     
1.1333e+02        2.6900e-18     
1.1338e+02        2.7200e-18     
1.1343e+02        2.8400e-18     
1.1354e+02        3.1300e-18     
1.1360e+02        3.0000e-18     
1.1366e+02        3.3900e-18     
1.1375e+02        3.8000e-18     
1.1380e+02        3.6400e-18     
1.1387e+02        3.6100e-18     
1.1400e+02        3.2900e-18     
1.1412e+02        2.9400e-18     
1.1417e+02        3.1700e-18     
1.1431e+02        3.4200e-18     
1.1444e+02        3.3200e-18     
1.1447e+02        3.4300e-18     
1.1460e+02        3.1400e-18     
1.1478e+02        3.3600e-18     
1.1486e+02        3.0300e-18     
1.1501e+02        3.0700e-18     
1.1509e+02        2.8500e-18     
1.1521e+02        3.0700e-18     
1.1538e+02        3.2200e-18     
1.1549e+02        3.0200e-18     
1.1559e+02        3.1200e-18     
1.1565e+02        2.9000e-18     
1.1570e+02        2.9000e-18     
1.1574e+02        3.1200e-18     
1.1581e+02        3.1200e-18     
1.1587e+02        2.6000e-18     
1.1598e+02        2.7400e-18     
1.1607e+02        2.8000e-18     
1.1613e+02        2.5200e-18     
1.1629e+02        2.6900e-18     
1.1639e+02        2.4900e-18     
1.1649e+02        2.8000e-18     
1.1661e+02        2.5100e-18     
1.1668e+02        2.7800e-18     
1.1672e+02        2.6500e-18     
1.1682e+02        2.5800e-18     
1.1688e+02        2.5900e-18     
1.1691e+02        2.5900e-18     
1.1706e+02        2.8800e-18     
1.1721e+02        2.7300e-18     
1.1732e+02        3.2900e-18     
1.1744e+02        2.6000e-18     
1.1759e+02        2.5100e-18     
1.1768e+02        2.4000e-18     
1.1773e+02        2.5800e-18     
1.1783e+02        2.4500e-18     
1.1792e+02        2.7300e-18     
1.1805e+02        2.4000e-18     
1.1813e+02        2.3600e-18     
1.1819e+02        2.4400e-18     
1.1825e+02        2.3400e-18     
1.1831e+02        2.3400e-18     
1.1844e+02        2.3600e-18     
1.1855e+02        2.7500e-18     
1.1866e+02        2.8200e-18     
1.1871e+02        2.7200e-18     
1.1879e+02        2.4800e-18     
1.1889e+02        2.3700e-18     
1.1894e+02        2.3400e-18     
1.1910e+02        2.6100e-18     
1.1917e+02        2.2400e-18     
1.1925e+02        2.4500e-18     
1.1933e+02        2.2300e-18     
1.1943e+02        2.1600e-18     
1.1946e+02        2.1600e-18     
1.1951e+02        2.2400e-18     
1.1965e+02        2.3300e-18     
1.1984e+02        2.1700e-18     
1.1990e+02        2.2900e-18     
1.1995e+02        2.2600e-18     
1.2006e+02        2.3800e-18     
1.2018e+02        2.1900e-18     
1.2026e+02        2.1900e-18     
1.2039e+02        2.2500e-18     
1.2049e+02        2.0800e-18     
1.2061e+02        2.1000e-18     
1.2066e+02        2.0800e-18     
1.2075e+02        1.9700e-18     
1.2089e+02        2.2000e-18     
1.2092e+02        2.1500e-18     
1.2107e+02        2.2700e-18     
1.2114e+02        2.1300e-18     
1.2129e+02        2.4200e-18     
1.2140e+02        2.5900e-18     
1.2157e+02        2.4300e-18     
1.2165e+02        2.3300e-18     
1.2174e+02        2.3900e-18     
1.2190e+02        2.1100e-18     
1.2211e+02        2.1900e-18     
1.2220e+02        2.5700e-18     
1.2235e+02        2.0800e-18     
1.2249e+02        2.5300e-18     
1.2256e+02        2.2800e-18     
1.2261e+02        2.3300e-18     
1.2271e+02        2.7200e-18     
1.2283e+02        1.9800e-18     
1.2290e+02        1.8300e-18     
1.2301e+02        1.8900e-18     
1.2320e+02        2.1700e-18     
1.2332e+02        2.4400e-18     
1.2336e+02        2.1300e-18     
1.2342e+02        2.1300e-18     
1.2353e+02        2.2900e-18     
1.2357e+02        2.1200e-18     
1.2364e+02        2.4000e-18     
1.2380e+02        2.1000e-18     
1.2384e+02        2.0400e-18     
1.2389e+02        2.1000e-18     
1.2396e+02        1.9100e-18     
1.2414e+02        1.9700e-18     
1.2430e+02        2.1400e-18     
1.2435e+02        1.9100e-18     
1.2444e+02        2.4600e-18     
1.2452e+02        1.9800e-18     
1.2459e+02        1.9900e-18     
1.2462e+02        1.9200e-18     
1.2473e+02        2.0400e-18     
1.2493e+02        2.6700e-18     
1.2498e+02        2.7900e-18     
1.2509e+02        2.6200e-18     
1.2513e+02        2.7000e-18     
1.2520e+02        2.1500e-18     
1.2536e+02        1.8500e-18     
1.2543e+02        1.9400e-18     
1.2548e+02        1.9200e-18     
1.2556e+02        2.0400e-18     
1.2568e+02        2.2700e-18     
1.2571e+02        2.1800e-18     
1.2579e+02        2.0800e-18     
1.2588e+02        2.3700e-18     
1.2599e+02        2.1400e-18     
1.2617e+02        2.0100e-18     
1.2625e+02        1.9100e-18     
1.2629e+02        2.1000e-18     
1.2642e+02        1.8000e-18     
1.2657e+02        2.0000e-18     
1.2665e+02        2.1900e-18     
1.2672e+02        2.0400e-18     
1.2681e+02        2.5100e-18     
1.2690e+02        2.3700e-18     
1.2697e+02        1.8800e-18     
1.2706e+02        2.3900e-18     
1.2714e+02        2.1000e-18     
1.2719e+02        2.0400e-18     
1.2730e+02        2.3700e-18     
1.2732e+02        2.3700e-18     
1.2736e+02        2.5400e-18     
1.2741e+02        2.4900e-18     
1.2758e+02        1.7300e-18     
1.2767e+02        2.0100e-18     
1.2780e+02        1.8800e-18     
1.2781e+02        1.7000e-18     
1.2796e+02        1.7400e-18     
1.2801e+02        2.2400e-18     
1.2810e+02        2.0100e-18     
1.2816e+02        2.3100e-18     
1.2832e+02        2.2700e-18     
1.2843e+02        2.9700e-18     
1.2858e+02        3.2600e-18     
1.2865e+02        3.0400e-18     
1.2878e+02        3.1800e-18     
1.2894e+02        2.3000e-18     
1.2904e+02        1.8500e-18     
1.2911e+02        1.6900e-18     
1.2934e+02        2.0900e-18     
1.2946e+02        2.5200e-18     
1.2956e+02        2.3200e-18     
1.2963e+02        3.0200e-18     
1.2973e+02        2.2200e-18     
1.2991e+02        2.2700e-18     
1.2997e+02        1.8700e-18     
1.3018e+02        2.1500e-18     
1.3024e+02        1.7200e-18     
1.3041e+02        1.9200e-18     
1.3050e+02        2.2500e-18     
1.3066e+02        2.4900e-18     
1.3074e+02        2.0200e-18     
1.3101e+02        2.2300e-18     
1.3110e+02        2.3200e-18     
1.3114e+02        2.5800e-18     
1.3123e+02        2.1900e-18     
1.3129e+02        2.3100e-18     
1.3147e+02        1.5300e-18     
1.3154e+02        1.7100e-18     
1.3166e+02        1.8000e-18     
1.3179e+02        1.7800e-18     
1.3190e+02        1.9400e-18     
1.3220e+02        2.7700e-18     
1.3223e+02        3.0700e-18     
1.3229e+02        3.6100e-18     
1.3233e+02        3.4900e-18     
1.3245e+02        3.6200e-18     
1.3250e+02        3.1200e-18     
1.3256e+02        4.2100e-18     
1.3270e+02        3.3400e-18     
1.3275e+02        4.1700e-18     
1.3293e+02        2.2700e-18     
1.3310e+02        1.6300e-18     
1.3325e+02        2.6700e-18     
1.3336e+02        3.0300e-18     
1.3341e+02        3.2800e-18     
1.3350e+02        4.0600e-18     
1.3357e+02        3.8300e-18     
1.3373e+02        3.3600e-18     
1.3377e+02        3.3600e-18     
1.3383e+02        2.2900e-18     
1.3397e+02        2.2500e-18     
1.3407e+02        2.3300e-18     
1.3415e+02        1.5200e-18     
1.3420e+02        1.5400e-18     
1.3430e+02        1.7400e-18     
1.3433e+02        1.6300e-18     
1.3441e+02        1.9400e-18     
1.3451e+02        2.0600e-18     
1.3470e+02        1.5900e-18     
1.3515e+02        2.1300e-18     
1.3535e+02        2.2000e-18     
1.3545e+02        2.1000e-18     
1.3565e+02        2.2100e-18     
1.3610e+02        1.1700e-18     
1.3670e+02        3.8000e-18     
1.3700e+02        4.1600e-18     
1.3720e+02        1.8500e-18     
1.3760e+02        1.4500e-18     
1.3820e+02        3.4700e-18     
1.3845e+02        3.7500e-18     
1.3855e+02        9.8600e-19     
1.3890e+02        2.5700e-19     
1.3960e+02        3.3900e-18     
1.4010e+02        1.0200e-18     
1.4045e+02        3.7100e-18     
1.4075e+02        3.4100e-18     
1.4085e+02        3.5400e-18     
1.4120e+02        3.9800e-19     
1.4150e+02        5.7700e-19     
1.4175e+02        6.6600e-19     
1.4250e+02        2.2300e-18     
1.4290e+02        1.6000e-18     
1.4345e+02        2.0100e-18     
1.4360e+02        4.7600e-19     
1.4405e+02        1.3800e-19     
1.4440e+02        1.3900e-18     
1.4450e+02        4.2300e-18     
1.4520e+02        1.3100e-18     
1.4545e+02        2.9500e-18     
1.4575e+02        8.8900e-19     
1.4615e+02        8.9700e-19     
1.4670e+02        1.3200e-18     
1.4720e+02        2.2300e-19     
1.4790e+02        2.3400e-18     
1.4825e+02        2.5600e-18     
1.4835e+02        1.1100e-18     
1.4860e+02        9.6800e-19     
1.4880e+02        3.6800e-19     
1.4900e+02        1.0900e-18     
1.4930e+02        1.1800e-18     
1.4970e+02        2.4400e-18     
1.5000e+02        1.8100e-18     
1.5100e+02        1.1200e-19     
1.5170e+02        4.6900e-19     
1.5200e+02        9.6800e-20     
1.5210e+02        3.6100e-19     
1.5240e+02        9.3000e-20     
1.5250e+02        4.8000e-19     
1.5300e+02        4.8400e-19     
1.5310e+02        5.2500e-19     
1.5330e+02        2.0100e-19     
1.5360e+02        1.0400e-19     
1.5400e+02        2.7900e-19     
1.5440e+02        8.1900e-20     
1.5510e+02        6.4000e-19     
1.5520e+02        5.0600e-19     
1.5530e+02        7.3300e-19     
1.5580e+02        3.6500e-19     
1.5620e+02        6.4400e-19     
1.5670e+02        7.8200e-20     
1.5700e+02        1.6400e-19     
1.5770e+02        5.9500e-20     
1.5830e+02        4.2100e-19     
1.5960e+02        5.5800e-20     
1.5990e+02        1.5600e-19     
1.6060e+02        5.2100e-20     
1.6070e+02        2.7900e-19     
1.6090e+02        3.8000e-19     
1.6120e+02        3.8000e-19     
1.6130e+02        4.6900e-19     
1.6150e+02        1.1900e-19     
1.6200e+02        1.6400e-19     
1.6220e+02        6.8900e-19     
1.6280e+02        7.0700e-20     
1.6370e+02        6.7000e-20     
1.6380e+02        3.2000e-19     
1.6390e+02        1.1500e-19     
1.6410e+02        2.8300e-19     
1.6440e+02        1.1200e-19     
1.6470e+02        3.6100e-19     
1.6500e+02        1.3400e-19     
1.6590e+02        5.9500e-20     
1.6680e+02        6.4400e-19     
1.6760e+02        6.7000e-20     
1.6790e+02        8.3700e-19     
1.6850e+02        4.0900e-20     
1.6910e+02        5.9500e-19     
1.6930e+02        3.6100e-19     
1.6950e+02        5.2800e-19     
1.6990e+02        7.4400e-20     
1.7040e+02        1.4100e-19     
1.7100e+02        1.0800e-19     
1.7130e+02        1.4500e-19     
1.7200e+02        2.9800e-20     
1.7310e+02        6.4800e-19     
1.7320e+02        3.0900e-19     
1.7340e+02        5.4000e-19     
1.7400e+02        5.5800e-20     
1.7500e+02        3.7200e-20     
1.7520e+02        1.0500e-18     
1.7550e+02        6.7400e-19     
1.7560e+02        1.1300e-18     
1.7610e+02        1.2300e-19     
1.7630e+02        4.2400e-19     
1.7660e+02        2.2300e-19     
1.7670e+02        4.5000e-19     
1.7750e+02        5.2100e-20     
1.7920e+02        1.4500e-19     
1.7990e+02        9.6800e-19     
1.8020e+02        3.8300e-19     
1.8040e+02        5.2500e-19     
1.8080e+02        4.8400e-20     
1.8240e+02        1.8600e-19     
1.8270e+02        1.5000e-18     
1.8320e+02        7.0000e-19     
1.8330e+02        1.1300e-18     
1.8420e+02        9.6800e-20     
1.8490e+02        1.4900e-19     
1.8530e+02        7.0700e-20     
1.8670e+02        7.0700e-20     
1.8760e+02        7.4400e-19     
1.8830e+02        7.0700e-20     
1.8940e+02        3.7200e-20     
1.9100e+02        8.1100e-19     
