CO2 (wavelength = nm, xs = cm2/molecule)
wavelength          300K                
1.17790000e+02      4.82810000e-20      
1.17920000e+02      3.56950000e-20      
1.18060000e+02      3.65230000e-20      
1.18200000e+02      5.76910000e-20      
1.18340000e+02      1.17410000e-19      
1.18480000e+02      5.16700000e-20      
1.18620000e+02      2.58170000e-20      
1.18760000e+02      2.84510000e-20      
1.18910000e+02      2.86650000e-20      
1.19050000e+02      3.24430000e-20      
1.19190000e+02      4.25770000e-20      
1.19330000e+02      4.16170000e-20      
1.19470000e+02      3.95300000e-20      
1.19620000e+02      3.16070000e-20      
1.19760000e+02      3.15570000e-20      
1.19900000e+02      3.77180000e-20      
1.20050000e+02      4.24800000e-20      
1.20190000e+02      4.24270000e-20      
1.20340000e+02      3.79260000e-20      
1.20480000e+02      4.00300000e-20      
1.20630000e+02      4.36240000e-20      
1.20770000e+02      4.88140000e-20      
1.20920000e+02      5.42770000e-20      
1.21070000e+02      5.22420000e-20      
1.21210000e+02      5.30250000e-20      
1.21360000e+02      5.10240000e-20      
1.21510000e+02      5.93170000e-20      
1.21650000e+02      7.30880000e-20      
1.21800000e+02      7.27870000e-20      
1.21950000e+02      7.50060000e-20      
1.22100000e+02      7.36490000e-20      
1.22250000e+02      7.24290000e-20      
1.22400000e+02      9.06900000e-20      
1.22550000e+02      9.69000000e-20      
1.22700000e+02      8.40860000e-20      
1.22850000e+02      9.11170000e-20      
1.23000000e+02      9.59050000e-20      
1.23150000e+02      1.00050000e-19      
1.23300000e+02      1.23080000e-19      
1.23460000e+02      1.19190000e-19      
1.23610000e+02      1.13550000e-19      
1.23760000e+02      1.29520000e-19      
1.23920000e+02      1.49280000e-19      
1.24070000e+02      1.49060000e-19      
1.24220000e+02      1.76630000e-19      
1.24380000e+02      1.71380000e-19      
1.24530000e+02      1.44790000e-19      
1.24690000e+02      1.59280000e-19      
1.24840000e+02      2.19660000e-19      
1.25000000e+02      2.07740000e-19      
1.25160000e+02      2.32230000e-19      
1.25310000e+02      2.33890000e-19      
1.25470000e+02      1.84970000e-19      
1.25630000e+02      1.88370000e-19      
1.25790000e+02      2.51780000e-19      
1.25940000e+02      3.23610000e-19      
1.26100000e+02      3.30330000e-19      
1.26260000e+02      3.41370000e-19      
1.26420000e+02      2.63920000e-19      
1.26580000e+02      2.21120000e-19      
1.26740000e+02      2.59360000e-19      
1.26900000e+02      4.30470000e-19      
1.27060000e+02      4.24160000e-19      
1.27230000e+02      5.04250000e-19      
1.27390000e+02      3.86170000e-19      
1.27550000e+02      2.88690000e-19      
1.27710000e+02      2.93200000e-19      
1.27880000e+02      4.29410000e-19      
1.28040000e+02      6.23030000e-19      
1.28210000e+02      5.64640000e-19      
1.28370000e+02      5.75530000e-19      
1.28530000e+02      4.31560000e-19      
1.28700000e+02      3.54900000e-19      
1.28870000e+02      3.95590000e-19      
1.29030000e+02      7.50420000e-19      
1.29200000e+02      7.92020000e-19      
1.29370000e+02      6.64310000e-19      
1.29530000e+02      5.67780000e-19      
1.29700000e+02      4.36690000e-19      
1.29870000e+02      4.18840000e-19      
1.30040000e+02      5.85360000e-19      
1.30210000e+02      1.12840000e-18      
1.30380000e+02      8.39470000e-19      
1.30550000e+02      6.96980000e-19      
1.30720000e+02      5.66510000e-19      
1.30890000e+02      4.82410000e-19      
1.31060000e+02      5.36030000e-19      
1.31230000e+02      9.69520000e-19      
1.31410000e+02      1.00600000e-18      
1.31580000e+02      9.09160000e-19      
1.31750000e+02      7.64260000e-19      
1.31930000e+02      5.96130000e-19      
1.32100000e+02      5.42790000e-19      
1.32280000e+02      7.85480000e-19      
1.32450000e+02      1.09790000e-18      
1.32630000e+02      9.03590000e-19      
1.32800000e+02      8.44250000e-19      
1.32980000e+02      6.95280000e-19      
1.33160000e+02      5.96880000e-19      
1.33330000e+02      7.50190000e-19      
1.33510000e+02      1.03120000e-18      
1.33690000e+02      8.43890000e-19      
1.33870000e+02      8.47800000e-19      
1.34050000e+02      6.95970000e-19      
1.34230000e+02      5.86970000e-19      
1.34410000e+02      5.83210000e-19      
1.34590000e+02      8.00950000e-19      
1.34770000e+02      1.22230000e-18      
1.34950000e+02      7.12740000e-19      
1.35140000e+02      6.14060000e-19      
1.35320000e+02      5.71570000e-19      
1.35500000e+02      5.28690000e-19      
1.35690000e+02      5.77430000e-19      
1.35870000e+02      8.81240000e-19      
1.36050000e+02      8.14950000e-19      
1.36240000e+02      5.89290000e-19      
1.36430000e+02      5.63740000e-19      
1.36610000e+02      5.31490000e-19      
1.36800000e+02      6.15410000e-19      
1.36990000e+02      6.58920000e-19      
1.37170000e+02      5.62880000e-19      
1.37360000e+02      5.12360000e-19      
1.37550000e+02      4.91540000e-19      
1.37740000e+02      4.93200000e-19      
1.37930000e+02      6.59030000e-19      
1.38120000e+02      5.50870000e-19      
1.38310000e+02      4.93160000e-19      
1.38500000e+02      5.18510000e-19      
1.38700000e+02      4.78680000e-19      
1.38890000e+02      4.61260000e-19      
1.39080000e+02      4.99290000e-19      
1.39280000e+02      5.12910000e-19      
1.39470000e+02      5.03880000e-19      
1.39660000e+02      4.50670000e-19      
1.39860000e+02      4.76280000e-19      
1.40060000e+02      5.19380000e-19      
1.40250000e+02      5.43510000e-19      
1.40450000e+02      4.96450000e-19      
1.40650000e+02      4.78260000e-19      
1.40850000e+02      4.99150000e-19      
1.41040000e+02      5.32100000e-19      
1.41240000e+02      5.35650000e-19      
1.41440000e+02      5.09690000e-19      
1.41640000e+02      5.17680000e-19      
1.41840000e+02      5.10230000e-19      
1.42050000e+02      4.91210000e-19      
1.42250000e+02      5.66620000e-19      
1.42450000e+02      5.74410000e-19      
1.42650000e+02      5.41080000e-19      
1.42860000e+02      4.87540000e-19      
1.43060000e+02      5.13010000e-19      
1.43270000e+02      5.73230000e-19      
1.43470000e+02      5.96720000e-19      
1.43680000e+02      5.70090000e-19      
1.43880000e+02      4.93430000e-19      
1.44090000e+02      5.19010000e-19      
1.44300000e+02      5.73240000e-19      
1.44510000e+02      5.95490000e-19      
1.44720000e+02      6.06630000e-19      
1.44930000e+02      5.17450000e-19      
1.45140000e+02      5.30670000e-19      
1.45350000e+02      5.21540000e-19      
1.45560000e+02      5.71320000e-19      
1.45770000e+02      6.43730000e-19      
1.45990000e+02      5.55070000e-19      
1.46200000e+02      4.78620000e-19      
1.46410000e+02      4.85540000e-19      
1.46630000e+02      5.88350000e-19      
1.46840000e+02      6.11050000e-19      
1.47060000e+02      5.54270000e-19      
1.47280000e+02      5.05320000e-19      
1.47490000e+02      5.21510000e-19      
1.47710000e+02      5.35360000e-19      
1.47930000e+02      5.31500000e-19      
1.48150000e+02      5.83160000e-19      
1.48370000e+02      5.23100000e-19      
1.48590000e+02      4.94330000e-19      
1.48810000e+02      5.00910000e-19      
1.49030000e+02      4.96240000e-19      
1.49250000e+02      5.57530000e-19      
1.49480000e+02      5.48030000e-19      
1.49700000e+02      5.08060000e-19      
1.49930000e+02      4.39420000e-19      
1.50150000e+02      4.51550000e-19      
1.50380000e+02      5.45410000e-19      
1.50600000e+02      5.18420000e-19      
1.50830000e+02      4.69240000e-19      
1.51060000e+02      4.19610000e-19      
1.51290000e+02      4.04850000e-19      
1.51520000e+02      4.75920000e-19      
1.51750000e+02      4.61990000e-19      
1.51980000e+02      4.41130000e-19      
1.52210000e+02      3.99450000e-19      
1.52440000e+02      3.94320000e-19      
1.52670000e+02      3.95670000e-19      
1.52910000e+02      4.31150000e-19      
1.53140000e+02      4.30290000e-19      
1.53370000e+02      3.62470000e-19      
1.53610000e+02      3.50920000e-19      
1.53850000e+02      3.65490000e-19      
1.54080000e+02      3.87640000e-19      
1.54320000e+02      3.70360000e-19      
1.54560000e+02      3.47530000e-19      
1.54800000e+02      3.12230000e-19      
1.55040000e+02      3.02060000e-19      
1.55280000e+02      3.27520000e-19      
1.55520000e+02      3.32550000e-19      
1.55760000e+02      3.16460000e-19      
1.56010000e+02      2.83420000e-19      
1.56250000e+02      2.65190000e-19      
1.56490000e+02      2.63860000e-19      
1.56740000e+02      2.67070000e-19      
1.56990000e+02      2.81360000e-19      
1.57230000e+02      2.78310000e-19      
1.57480000e+02      2.12450000e-19      
1.57730000e+02      2.05180000e-19      
1.57980000e+02      2.08420000e-19      
1.58230000e+02      2.14530000e-19      
1.58480000e+02      2.42100000e-19      
1.58730000e+02      2.14150000e-19      
1.58980000e+02      1.90220000e-19      
1.59240000e+02      1.63860000e-19      
1.59490000e+02      1.67660000e-19      
1.59740000e+02      2.03030000e-19      
1.60000000e+02      1.76530000e-19      
1.60260000e+02      1.58560000e-19      
1.60510000e+02      1.57340000e-19      
1.60770000e+02      1.20350000e-19      
1.61030000e+02      1.55860000e-19      
1.61290000e+02      1.49850000e-19      
1.61550000e+02      1.42410000e-19      
1.61810000e+02      1.16270000e-19      
1.62070000e+02      1.10600000e-19      
1.62340000e+02      9.68340000e-20      
1.62600000e+02      1.17530000e-19      
1.62870000e+02      1.13870000e-19      
1.63130000e+02      1.03420000e-19      
1.63400000e+02      8.69090000e-20      
1.63670000e+02      7.72550000e-20      
1.63930000e+02      7.51760000e-20      
1.64200000e+02      8.27420000e-20      
1.64470000e+02      7.94030000e-20      
1.64740000e+02      7.98520000e-20      
1.65020000e+02      6.18630000e-20      
1.65290000e+02      5.71460000e-20      
1.65560000e+02      6.09300000e-20      
1.65840000e+02      6.06140000e-20      
1.66110000e+02      6.21600000e-20      
1.66390000e+02      4.82110000e-20      
1.66670000e+02      3.80880000e-20      
1.66940000e+02      4.00260000e-20      
1.67220000e+02      3.92650000e-20      
1.67500000e+02      4.35460000e-20      
1.67790000e+02      4.04490000e-20      
1.68070000e+02      3.41810000e-20      
1.68350000e+02      2.80710000e-20      
1.68630000e+02      3.34730000e-20      
1.68920000e+02      2.67760000e-20      
1.69200000e+02      3.32980000e-20      
1.69490000e+02      2.73070000e-20      
1.69780000e+02      2.32350000e-20      
1.70070000e+02      1.99910000e-20      
1.70360000e+02      1.93810000e-20      
1.70650000e+02      2.04350000e-20      
1.70940000e+02      2.09540000e-20      
1.71230000e+02      1.69870000e-20      
1.71530000e+02      1.92060000e-20      
1.71820000e+02      1.24250000e-20      
1.72120000e+02      1.42270000e-20      
1.72410000e+02      1.34910000e-20      
1.72710000e+02      1.17190000e-20      
1.73010000e+02      1.17500000e-20      
1.73310000e+02      9.85290000e-21      
1.73610000e+02      9.56970000e-21      
1.73910000e+02      9.48210000e-21      
1.74220000e+02      8.61230000e-21      
1.74520000e+02      7.63230000e-21      
1.74830000e+02      6.86130000e-21      
1.75130000e+02      6.52870000e-21      
1.75440000e+02      5.71010000e-21      
1.75750000e+02      4.27160000e-21      
1.76060000e+02      5.00390000e-21      
1.76370000e+02      4.02480000e-21      
1.76680000e+02      4.06840000e-21      
1.76990000e+02      4.14160000e-21      
1.77300000e+02      3.16930000e-21      
1.77620000e+02      3.06160000e-21      
1.77940000e+02      2.88540000e-21      
1.78250000e+02      2.77620000e-21      
1.78570000e+02      2.31260000e-21      
1.78890000e+02      2.03590000e-21      
1.79210000e+02      1.83070000e-21      
1.79530000e+02      1.68880000e-21      
1.79860000e+02      1.74200000e-21      
1.80180000e+02      1.73200000e-21      
1.80510000e+02      1.27580000e-21      
1.80830000e+02      1.17330000e-21      
1.81160000e+02      1.13540000e-21      
1.81490000e+02      1.08370000e-21      
1.81820000e+02      1.00470000e-21      
1.82150000e+02      8.53140000e-22      
1.82480000e+02      7.87860000e-22      
1.82820000e+02      5.09130000e-22      
1.83150000e+02      5.33850000e-22      
1.83490000e+02      6.17810000e-22      
1.83820000e+02      5.97780000e-22      
1.84160000e+02      4.28140000e-22      
1.84500000e+02      3.30490000e-22      
1.84840000e+02      2.72000000e-22      
1.85190000e+02      2.60840000e-22      
1.85530000e+02      3.63880000e-22      
1.85870000e+02      3.74770000e-22      
1.86220000e+02      2.23430000e-22      
1.86570000e+02      1.57920000e-22      
1.86920000e+02      1.78340000e-22      
1.87270000e+02      1.65810000e-22      
1.87620000e+02      2.13800000e-22      
1.87970000e+02      1.75450000e-22      
1.88320000e+02      1.00920000e-22      
1.88680000e+02      8.44940000e-23      
1.89040000e+02      7.18530000e-23      
1.89390000e+02      9.30040000e-23      
1.89750000e+02      1.09310000e-22      
1.90110000e+02      7.86630000e-23      
1.90480000e+02      5.32320000e-23      
1.90840000e+02      4.70420000e-23      
1.91200000e+02      4.22090000e-23      
1.91570000e+02      5.07470000e-23      
1.91940000e+02      4.90070000e-23      
1.92310000e+02      3.59280000e-23      
1.92680000e+02      2.42180000e-23      
1.93050000e+02      2.53020000e-23      
1.93420000e+02      2.26370000e-23      
1.93800000e+02      2.09740000e-23      
1.94170000e+02      2.09100000e-23      
1.94550000e+02      1.87170000e-23      
1.94930000e+02      1.29960000e-23      
1.95310000e+02      1.27440000e-23      
1.95690000e+02      9.84240000e-24      
1.96080000e+02      1.02720000e-23      
1.96460000e+02      1.09160000e-23      
1.96850000e+02      7.92320000e-24      
1.97240000e+02      5.85450000e-24      
1.97630000e+02      5.95650000e-24      
1.98020000e+02      5.40870000e-24      
1.98410000e+02      3.89560000e-24      
1.98810000e+02      3.64000000e-24      
1.99200000e+02      2.90620000e-24      
1.99600000e+02      2.81760000e-24      
2.00000000e+02      1.99690000e-24      
2.00400000e+02      1.73580000e-24      
2.00800000e+02      1.47460000e-24      
2.01210000e+02      0.00000000e+00      
2.01610000e+02      0.00000000e+00      
2.02020000e+02      0.00000000e+00      
2.02430000e+02      0.00000000e+00      
2.02840000e+02      0.00000000e+00      
2.03250000e+02      0.00000000e+00      
2.03670000e+02      0.00000000e+00      
2.04080000e+02      0.00000000e+00      
2.04500000e+02      0.00000000e+00      
2.04920000e+02      0.00000000e+00      
2.05340000e+02      0.00000000e+00      
2.05760000e+02      0.00000000e+00      
2.06190000e+02      0.00000000e+00      
2.06610000e+02      0.00000000e+00      
2.07040000e+02      0.00000000e+00      
2.07470000e+02      0.00000000e+00      
2.07900000e+02      0.00000000e+00      
2.08330000e+02      0.00000000e+00      
2.08770000e+02      0.00000000e+00      
2.09210000e+02      0.00000000e+00      
2.09640000e+02      0.00000000e+00      
2.10080000e+02      0.00000000e+00      
2.10530000e+02      0.00000000e+00      
2.10970000e+02      0.00000000e+00      
2.11420000e+02      0.00000000e+00      
2.11860000e+02      0.00000000e+00      
2.12310000e+02      0.00000000e+00      
2.12770000e+02      0.00000000e+00      
2.13220000e+02      0.00000000e+00      
2.13680000e+02      0.00000000e+00      
2.14130000e+02      0.00000000e+00      
2.14590000e+02      0.00000000e+00      
2.15050000e+02      0.00000000e+00      
2.15520000e+02      0.00000000e+00      
2.15980000e+02      0.00000000e+00      
2.16450000e+02      0.00000000e+00      
2.16920000e+02      0.00000000e+00      
2.17390000e+02      0.00000000e+00      
2.17860000e+02      0.00000000e+00      
2.18340000e+02      0.00000000e+00      
2.18820000e+02      0.00000000e+00      
2.19300000e+02      0.00000000e+00      
2.19780000e+02      0.00000000e+00      
2.20260000e+02      0.00000000e+00      
2.20750000e+02      0.00000000e+00      
2.21240000e+02      0.00000000e+00      
2.21730000e+02      0.00000000e+00      
2.22220000e+02      0.00000000e+00      
2.22720000e+02      0.00000000e+00      
2.23210000e+02      0.00000000e+00      
2.23710000e+02      0.00000000e+00      
2.24220000e+02      0.00000000e+00      
2.24720000e+02      0.00000000e+00      
2.25230000e+02      0.00000000e+00      
2.25730000e+02      0.00000000e+00      
2.26240000e+02      0.00000000e+00      
2.26760000e+02      0.00000000e+00      
2.27270000e+02      0.00000000e+00      
2.27790000e+02      0.00000000e+00      
2.28310000e+02      0.00000000e+00      
2.28830000e+02      0.00000000e+00      
2.29360000e+02      0.00000000e+00      
2.29890000e+02      0.00000000e+00      
2.30410000e+02      0.00000000e+00      
2.30950000e+02      0.00000000e+00      
2.31480000e+02      0.00000000e+00      
2.32020000e+02      0.00000000e+00      
2.32560000e+02      0.00000000e+00      
2.33100000e+02      0.00000000e+00      
2.33640000e+02      0.00000000e+00      
2.34190000e+02      0.00000000e+00      
2.34740000e+02      0.00000000e+00      
2.35290000e+02      0.00000000e+00      
2.35850000e+02      0.00000000e+00      
2.36410000e+02      0.00000000e+00      
2.36970000e+02      0.00000000e+00      
2.37530000e+02      0.00000000e+00      
2.38100000e+02      0.00000000e+00      
2.38660000e+02      0.00000000e+00      
2.39230000e+02      0.00000000e+00      
2.39810000e+02      0.00000000e+00      
2.40380000e+02      0.00000000e+00      
2.40960000e+02      0.00000000e+00      
2.41550000e+02      0.00000000e+00      
2.42130000e+02      0.00000000e+00      
2.42720000e+02      0.00000000e+00      
2.43310000e+02      0.00000000e+00      
2.43900000e+02      0.00000000e+00      
2.44500000e+02      0.00000000e+00      
2.45100000e+02      0.00000000e+00      
2.45700000e+02      0.00000000e+00      
2.46310000e+02      0.00000000e+00      
2.46910000e+02      0.00000000e+00      
2.47520000e+02      0.00000000e+00      
2.48140000e+02      0.00000000e+00      
2.48760000e+02      0.00000000e+00      
2.49380000e+02      0.00000000e+00      
2.50000000e+02      0.00000000e+00      
2.50630000e+02      0.00000000e+00      
2.51260000e+02      0.00000000e+00      
2.51890000e+02      0.00000000e+00      
2.52530000e+02      0.00000000e+00      
2.53160000e+02      0.00000000e+00      
2.53810000e+02      0.00000000e+00      
2.54450000e+02      0.00000000e+00      
2.55100000e+02      0.00000000e+00      
2.55750000e+02      0.00000000e+00      
2.56410000e+02      0.00000000e+00      
2.57070000e+02      0.00000000e+00      
2.57730000e+02      0.00000000e+00      
2.58400000e+02      0.00000000e+00      
2.59070000e+02      0.00000000e+00      
2.59740000e+02      0.00000000e+00      
2.60420000e+02      0.00000000e+00      
2.61100000e+02      0.00000000e+00      
2.61780000e+02      0.00000000e+00      
2.62470000e+02      0.00000000e+00      
2.63160000e+02      0.00000000e+00      
2.63850000e+02      0.00000000e+00      
2.64550000e+02      0.00000000e+00      
2.65250000e+02      0.00000000e+00      
2.65960000e+02      0.00000000e+00      
2.66670000e+02      0.00000000e+00      
2.67380000e+02      0.00000000e+00      
2.68100000e+02      0.00000000e+00      
2.68820000e+02      0.00000000e+00      
2.69540000e+02      0.00000000e+00      
2.70270000e+02      0.00000000e+00      
2.71000000e+02      0.00000000e+00      
2.71740000e+02      0.00000000e+00      
2.72480000e+02      0.00000000e+00      
2.73220000e+02      0.00000000e+00      
2.73970000e+02      0.00000000e+00      
2.74730000e+02      0.00000000e+00      
2.75480000e+02      0.00000000e+00      
2.76240000e+02      0.00000000e+00      
2.77010000e+02      0.00000000e+00      
2.77780000e+02      0.00000000e+00      
2.78550000e+02      0.00000000e+00      
2.79330000e+02      0.00000000e+00      
2.80110000e+02      0.00000000e+00      
2.80900000e+02      0.00000000e+00      
2.81690000e+02      0.00000000e+00      
2.82490000e+02      0.00000000e+00      
2.83290000e+02      0.00000000e+00      
2.84090000e+02      0.00000000e+00      
2.84900000e+02      0.00000000e+00      
2.85710000e+02      0.00000000e+00      
2.86530000e+02      0.00000000e+00      
2.87360000e+02      0.00000000e+00      
2.88180000e+02      0.00000000e+00      
2.89020000e+02      0.00000000e+00      
2.89860000e+02      0.00000000e+00      
2.90700000e+02      0.00000000e+00      
2.91550000e+02      0.00000000e+00      
2.92400000e+02      0.00000000e+00      
2.93260000e+02      0.00000000e+00      
2.94120000e+02      0.00000000e+00      
2.94990000e+02      0.00000000e+00      
2.95860000e+02      0.00000000e+00      
2.96740000e+02      0.00000000e+00      
2.97620000e+02      0.00000000e+00      
2.98510000e+02      0.00000000e+00      
2.99400000e+02      0.00000000e+00      
3.00300000e+02      0.00000000e+00      
3.01200000e+02      0.00000000e+00      
3.02110000e+02      0.00000000e+00      
3.03030000e+02      0.00000000e+00      
3.03950000e+02      0.00000000e+00      
3.04880000e+02      0.00000000e+00      
3.05810000e+02      0.00000000e+00      
3.06750000e+02      0.00000000e+00      
3.07690000e+02      0.00000000e+00      
3.08640000e+02      0.00000000e+00      
3.09600000e+02      0.00000000e+00      
3.10560000e+02      0.00000000e+00      
3.11530000e+02      0.00000000e+00      
3.12500000e+02      0.00000000e+00      
3.13480000e+02      0.00000000e+00      
3.14470000e+02      0.00000000e+00      
3.15460000e+02      0.00000000e+00      
3.16460000e+02      0.00000000e+00      
3.17460000e+02      0.00000000e+00      
3.18470000e+02      0.00000000e+00      
3.19490000e+02      0.00000000e+00      
3.20510000e+02      0.00000000e+00      
3.21540000e+02      0.00000000e+00      
3.22580000e+02      0.00000000e+00      
3.23620000e+02      0.00000000e+00      
3.24680000e+02      0.00000000e+00      
3.25730000e+02      0.00000000e+00      
3.26800000e+02      0.00000000e+00      
3.27870000e+02      0.00000000e+00      
3.28950000e+02      0.00000000e+00      
3.30030000e+02      0.00000000e+00      
3.31130000e+02      0.00000000e+00      
3.32230000e+02      0.00000000e+00      
3.33330000e+02      0.00000000e+00      
3.34450000e+02      0.00000000e+00      
3.35570000e+02      0.00000000e+00      
3.36700000e+02      0.00000000e+00      
3.37840000e+02      0.00000000e+00      
3.38980000e+02      0.00000000e+00      
3.40140000e+02      0.00000000e+00      
3.41300000e+02      0.00000000e+00      
3.42470000e+02      0.00000000e+00      
3.43640000e+02      0.00000000e+00      
3.44830000e+02      0.00000000e+00      
3.46020000e+02      0.00000000e+00      
3.47220000e+02      0.00000000e+00      
3.48430000e+02      0.00000000e+00      
3.49650000e+02      0.00000000e+00      
3.50880000e+02      0.00000000e+00      
3.52110000e+02      0.00000000e+00      
3.53360000e+02      0.00000000e+00      
3.54610000e+02      0.00000000e+00      
3.55870000e+02      0.00000000e+00      
3.57140000e+02      0.00000000e+00      
3.58420000e+02      0.00000000e+00      
3.59710000e+02      0.00000000e+00      
3.61010000e+02      0.00000000e+00      
3.62320000e+02      0.00000000e+00      
3.63640000e+02      0.00000000e+00      
3.64960000e+02      0.00000000e+00      
3.66300000e+02      0.00000000e+00      
3.67650000e+02      0.00000000e+00      
3.69000000e+02      0.00000000e+00      
3.70370000e+02      0.00000000e+00      
3.71750000e+02      0.00000000e+00      
3.73130000e+02      0.00000000e+00      
3.74530000e+02      0.00000000e+00      
3.75940000e+02      0.00000000e+00      
3.77360000e+02      0.00000000e+00      
3.78790000e+02      0.00000000e+00      
3.80230000e+02      0.00000000e+00      
3.81680000e+02      0.00000000e+00      
3.83140000e+02      0.00000000e+00      
3.84620000e+02      0.00000000e+00      
3.86100000e+02      0.00000000e+00      
3.87600000e+02      0.00000000e+00      
3.89110000e+02      0.00000000e+00      
3.90620000e+02      0.00000000e+00      
3.92160000e+02      0.00000000e+00      
3.93700000e+02      0.00000000e+00      
3.95260000e+02      0.00000000e+00      
3.96830000e+02      0.00000000e+00      
3.98410000e+02      0.00000000e+00      
4.00000000e+02      0.00000000e+00      
4.01610000e+02      0.00000000e+00      
4.03230000e+02      0.00000000e+00      
4.04860000e+02      0.00000000e+00      
4.06500000e+02      0.00000000e+00      
4.08160000e+02      0.00000000e+00      
4.09840000e+02      0.00000000e+00      
4.11520000e+02      0.00000000e+00      
4.13220000e+02      0.00000000e+00      
4.14940000e+02      0.00000000e+00      
4.16670000e+02      0.00000000e+00      
4.18410000e+02      0.00000000e+00      
4.20170000e+02      0.00000000e+00      
4.21940000e+02      0.00000000e+00      
4.23730000e+02      0.00000000e+00      
4.25530000e+02      0.00000000e+00      
4.27350000e+02      0.00000000e+00      
4.29180000e+02      0.00000000e+00      
4.31030000e+02      0.00000000e+00      
4.32900000e+02      0.00000000e+00      
4.34780000e+02      0.00000000e+00      
4.36680000e+02      0.00000000e+00      
4.38600000e+02      0.00000000e+00      
4.40530000e+02      0.00000000e+00      
4.42480000e+02      0.00000000e+00      
4.44440000e+02      0.00000000e+00      
4.46430000e+02      0.00000000e+00      
4.48430000e+02      0.00000000e+00      
4.50450000e+02      0.00000000e+00      
4.52490000e+02      0.00000000e+00      
4.54550000e+02      0.00000000e+00      
4.56620000e+02      0.00000000e+00      
4.58720000e+02      0.00000000e+00      
4.60830000e+02      0.00000000e+00      
4.62960000e+02      0.00000000e+00      
4.65120000e+02      0.00000000e+00      
4.67290000e+02      0.00000000e+00      
4.69480000e+02      0.00000000e+00      
4.71700000e+02      0.00000000e+00      
4.73930000e+02      0.00000000e+00      
4.76190000e+02      0.00000000e+00      
4.78470000e+02      0.00000000e+00      
4.80770000e+02      0.00000000e+00      
4.83090000e+02      0.00000000e+00      
4.85440000e+02      0.00000000e+00      
4.87800000e+02      0.00000000e+00      
4.90200000e+02      0.00000000e+00      
4.92610000e+02      0.00000000e+00      
4.95050000e+02      0.00000000e+00      
4.97510000e+02      0.00000000e+00      
5.00000000e+02      0.00000000e+00      
5.02510000e+02      0.00000000e+00      
5.05050000e+02      0.00000000e+00      
5.07610000e+02      0.00000000e+00      
5.10200000e+02      0.00000000e+00      
5.12820000e+02      0.00000000e+00      
5.15460000e+02      0.00000000e+00      
5.18130000e+02      0.00000000e+00      
5.20830000e+02      0.00000000e+00      
5.23560000e+02      0.00000000e+00      
5.26320000e+02      0.00000000e+00      
5.29100000e+02      0.00000000e+00      
5.31910000e+02      0.00000000e+00      
5.34760000e+02      0.00000000e+00      
5.37630000e+02      0.00000000e+00      
5.40540000e+02      0.00000000e+00      
5.43480000e+02      0.00000000e+00      
5.46450000e+02      0.00000000e+00      
5.49450000e+02      0.00000000e+00      
5.52490000e+02      0.00000000e+00      
5.55560000e+02      0.00000000e+00      
5.58660000e+02      0.00000000e+00      
5.61800000e+02      0.00000000e+00      
5.64970000e+02      0.00000000e+00      
5.68180000e+02      0.00000000e+00      
5.71430000e+02      0.00000000e+00      
5.74710000e+02      0.00000000e+00      
5.78030000e+02      0.00000000e+00      
5.81400000e+02      0.00000000e+00      
5.84800000e+02      0.00000000e+00      
5.88240000e+02      0.00000000e+00      
5.91720000e+02      0.00000000e+00      
5.95240000e+02      0.00000000e+00      
5.98800000e+02      0.00000000e+00      
6.02410000e+02      0.00000000e+00      
6.06060000e+02      0.00000000e+00      
6.09760000e+02      0.00000000e+00      
6.13500000e+02      0.00000000e+00      
6.17280000e+02      0.00000000e+00      
6.21120000e+02      0.00000000e+00      
6.25000000e+02      0.00000000e+00      
6.28930000e+02      0.00000000e+00      
6.32910000e+02      0.00000000e+00      
6.36940000e+02      0.00000000e+00      
6.41030000e+02      0.00000000e+00      
6.45160000e+02      0.00000000e+00      
6.49350000e+02      0.00000000e+00      
6.53590000e+02      0.00000000e+00      
6.57890000e+02      0.00000000e+00      
6.62250000e+02      0.00000000e+00      
6.66670000e+02      0.00000000e+00      
6.71140000e+02      0.00000000e+00      
6.75680000e+02      0.00000000e+00      
6.80270000e+02      0.00000000e+00      
6.84930000e+02      0.00000000e+00      
6.89660000e+02      0.00000000e+00      
6.94440000e+02      0.00000000e+00      
6.99300000e+02      0.00000000e+00      
7.04230000e+02      0.00000000e+00      
7.09220000e+02      0.00000000e+00      
7.14290000e+02      0.00000000e+00      
7.19420000e+02      0.00000000e+00      
7.24640000e+02      0.00000000e+00      
7.29930000e+02      0.00000000e+00      
7.35290000e+02      0.00000000e+00      
7.40740000e+02      0.00000000e+00      
7.46270000e+02      0.00000000e+00      
7.51880000e+02      0.00000000e+00      
7.57580000e+02      0.00000000e+00      
7.63360000e+02      0.00000000e+00      
7.69230000e+02      0.00000000e+00      
7.75190000e+02      0.00000000e+00      
7.81250000e+02      0.00000000e+00      
7.87400000e+02      0.00000000e+00      
7.93650000e+02      0.00000000e+00      
8.00000000e+02      0.00000000e+00      
8.06450000e+02      0.00000000e+00      
8.13010000e+02      0.00000000e+00      
8.19670000e+02      0.00000000e+00      
8.26450000e+02      0.00000000e+00      
8.33330000e+02      0.00000000e+00      
8.40340000e+02      0.00000000e+00      
8.47460000e+02      0.00000000e+00      
8.54700000e+02      0.00000000e+00      
8.62070000e+02      0.00000000e+00      
8.69570000e+02      0.00000000e+00      
8.77190000e+02      0.00000000e+00      
8.84960000e+02      0.00000000e+00      
8.92860000e+02      0.00000000e+00      
9.00900000e+02      0.00000000e+00      
9.09090000e+02      0.00000000e+00      
9.17430000e+02      0.00000000e+00      
9.25930000e+02      0.00000000e+00      
9.34580000e+02      0.00000000e+00      
9.43400000e+02      0.00000000e+00      
9.52380000e+02      0.00000000e+00      
9.61540000e+02      0.00000000e+00      
9.70870000e+02      0.00000000e+00      
9.80390000e+02      0.00000000e+00      
9.90100000e+02      0.00000000e+00      
