          T(K)      150.00    163.16    176.32    189.47    202.63    215.79    228.95    242.11    255.26    268.42    281.58    294.74    307.89    321.05    334.21    347.37    360.53    373.68    386.84    400.00    
log10(H2O)
-20.00              -21.27    -18.50    -16.38    -14.00    -12.47    -11.12    -9.55     -8.52     -7.60     -6.76     -5.77     -5.10     -4.49     -3.75     -3.25     -2.79     -2.36     -1.84     -1.47     -1.14     
-18.95              -21.99    -18.50    -16.38    -14.00    -12.47    -11.12    -9.55     -8.52     -7.60     -6.76     -5.77     -5.10     -4.49     -3.75     -3.25     -2.79     -2.22     -1.84     -1.47     -1.14     
-17.89              -22.67    -18.77    -15.74    -14.00    -12.47    -11.12    -9.55     -8.52     -7.60     -6.76     -5.77     -5.10     -4.49     -3.75     -3.25     -2.79     -2.22     -1.84     -1.47     -1.14     
-16.84              -23.25    -19.47    -15.74    -14.00    -12.47    -11.12    -9.55     -8.52     -7.60     -6.76     -5.77     -5.10     -4.49     -3.75     -3.25     -2.79     -2.22     -1.84     -1.47     -1.14     
-15.79              -23.79    -20.16    -15.90    -14.00    -12.47    -11.12    -9.55     -8.52     -7.60     -6.76     -5.77     -5.10     -4.49     -3.75     -3.25     -2.79     -2.22     -1.84     -1.47     -1.14     
-14.74              -24.28    -20.75    -16.47    -14.00    -12.47    -11.12    -9.55     -8.52     -7.60     -6.50     -5.77     -5.10     -4.49     -3.75     -3.25     -2.79     -2.22     -1.84     -1.47     -1.14     
-13.68              -25.36    -21.32    -17.17    -14.43    -12.47    -11.12    -9.55     -8.52     -7.60     -6.50     -5.77     -5.10     -4.49     -3.75     -3.25     -2.79     -2.22     -1.84     -1.47     -1.14     
-12.63              -27.13    -21.84    -17.79    -15.15    -12.78    -11.12    -9.55     -8.52     -7.60     -6.50     -5.77     -5.10     -4.49     -3.75     -3.25     -2.79     -2.22     -1.84     -1.47     -1.14     
-11.58              -30.39    -23.55    -18.31    -15.79    -13.37    -11.32    -9.55     -8.52     -7.60     -6.50     -5.77     -5.10     -4.49     -3.75     -3.25     -2.79     -2.22     -1.84     -1.47     -1.14     
-10.53              -36.92    -25.98    -19.43    -16.40    -14.05    -11.91    -9.67     -8.52     -7.60     -6.50     -5.77     -5.10     -4.49     -3.75     -3.25     -2.79     -2.22     -1.84     -1.47     -1.14     
-9.47               -43.76    -30.74    -20.93    -17.12    -14.72    -12.61    -10.15    -8.70     -7.60     -6.50     -5.77     -5.10     -4.49     -3.75     -3.25     -2.79     -2.22     -1.84     -1.47     -1.14     
-8.42               -43.76    -39.60    -23.67    -18.85    -15.72    -13.43    -10.86    -9.20     -7.84     -6.50     -5.77     -5.10     -4.49     -3.75     -3.25     -2.79     -2.22     -1.84     -1.47     -1.14     
-7.37               -43.76    -39.60    -32.07    -22.74    -17.68    -14.53    -11.53    -9.93     -8.42     -6.81     -5.81     -5.10     -4.49     -3.75     -3.25     -2.79     -2.22     -1.84     -1.47     -1.14     
-6.32               -43.76    -39.60    -34.94    -29.29    -20.69    -16.78    -12.72    -10.76    -9.26     -7.39     -6.25     -5.31     -4.53     -3.75     -3.25     -2.79     -2.22     -1.84     -1.47     -1.14     
-5.26               -43.76    -39.60    -34.94    -31.98    -29.38    -20.38    -14.82    -12.34    -10.18    -8.19     -6.98     -5.88     -4.94     -3.89     -3.29     -2.79     -2.22     -1.84     -1.47     -1.14     
-4.21               -43.76    -39.60    -34.94    -31.98    -29.38    -27.08    -19.95    -15.39    -12.37    -9.53     -8.10     -6.79     -5.68     -4.43     -3.68     -3.03     -2.26     -1.84     -1.47     -1.14     
-3.16               -43.76    -39.60    -34.94    -31.98    -29.38    -27.08    -24.41    -22.64    -17.01    -12.66    -10.07    -8.24     -6.88     -5.43     -4.42     -3.66     -2.69     -2.11     -1.59     -1.14     
-2.11               -43.76    -39.60    -34.94    -31.98    -29.38    -27.08    -24.41    -22.64    -21.05    -19.16    -16.07    -11.84    -9.10     -7.02     -6.02     -4.90     -3.59     -2.81     -2.10     -1.55     
-1.05               -43.76    -39.60    -34.94    -31.98    -29.38    -27.08    -24.41    -22.64    -21.05    -19.16    -17.89    -16.72    -15.66    -12.78    -9.19     -7.59     -5.57     -4.30     -3.37     -2.63     
0.00                -43.76    -39.60    -34.94    -31.98    -29.38    -26.38    -24.41    -22.64    -21.05    -19.16    -17.89    -16.72    -15.66    -14.37    -13.48    -12.66    -11.66    -9.61     -6.61     -5.32     
