SO2
wavelength (nm)   cross section (cm2/molecule)
6.0000e-02        3.4000e-22     
1.2000e-01        2.9000e-21     
2.4000e-01        2.0000e-20     
5.0000e-01        1.5000e-19     
5.2000e-01        3.0000e-20     
6.2000e-01        5.5000e-20     
1.2600e+00        3.9000e-19     
2.2600e+00        1.5000e-19     
2.3600e+00        7.0000e-19     
2.4600e+00        8.0000e-19     
5.0300e+00        4.7000e-18     
5.2500e+00        4.7000e-18     
6.2100e+00        5.1000e-18     
6.7500e+00        6.0000e-18     
7.0500e+00        3.4000e-18     
7.3500e+00        1.3000e-18     
1.2170e+01        3.9000e-18     
2.0000e+01        1.0000e-17     
2.5000e+01        1.3000e-17     
3.0000e+01        1.6000e-17     
3.5000e+01        1.7500e-17     
4.0000e+01        2.2000e-17     
4.5000e+01        2.3500e-17     
5.0000e+01        3.0000e-17     
5.5000e+01        4.2500e-17     
6.0000e+01        5.1000e-17     
6.5000e+01        5.5000e-17     
7.0000e+01        5.3000e-17     
7.5000e+01        4.1500e-17     
8.0000e+01        3.4000e-17     
8.3500e+01        3.9000e-17     
1.0650e+02        1.9700e-17     
1.0700e+02        1.4900e-17     
1.0800e+02        2.1600e-17     
1.0850e+02        1.2300e-17     
1.0900e+02        1.4900e-17     
1.1000e+02        1.1500e-17     
1.1080e+02        1.8600e-17     
1.1120e+02        1.6700e-17     
1.1200e+02        2.9800e-17     
1.1250e+02        2.6000e-17     
1.1350e+02        4.4600e-17     
1.1400e+02        1.4900e-17     
1.1450e+02        2.7900e-17     
1.1500e+02        8.5600e-18     
1.1600e+02        7.4400e-18     
1.1700e+02        8.5600e-18     
1.1800e+02        7.4400e-18     
1.2000e+02        1.6000e-17     
1.2200e+02        3.4400e-17     
1.2400e+02        5.9500e-17     
1.2550e+02        1.3000e-16     
1.2800e+02        4.0900e-17     
1.3050e+02        1.0400e-17     
1.3150e+02        1.4900e-17     
1.3200e+02        1.1500e-17     
1.3300e+02        1.1000e-17     
1.3400e+02        1.0800e-17     
1.3450e+02        3.2700e-18     
1.3500e+02        4.4600e-18     
1.3600e+02        3.1600e-18     
1.3950e+02        3.7200e-18     
1.4000e+02        3.3500e-18     
1.4220e+02        4.4600e-18     
1.4300e+02        3.7200e-18     
1.4350e+02        4.0900e-18     
1.4420e+02        3.5300e-18     
1.4470e+02        4.8400e-18     
1.4500e+02        3.7200e-18     
1.4580e+02        5.5800e-18     
1.4660e+02        5.2100e-18     
1.4700e+02        5.9500e-18     
1.4820e+02        5.2100e-18     
1.4850e+02        6.3200e-18     
1.4900e+02        5.2100e-18     
1.5020e+02        6.7000e-18     
1.5070e+02        5.5800e-18     
1.5130e+02        6.3200e-18     
1.5240e+02        3.7200e-18     
1.5280e+02        5.9500e-18     
1.5380e+02        3.3500e-18     
1.5440e+02        5.9500e-18     
1.5500e+02        2.9800e-18     
1.5580e+02        5.5800e-18     
1.5650e+02        2.2300e-18     
1.5730e+02        3.3400e-18     
1.5820e+02        1.7900e-18     
1.5870e+02        2.2300e-18     
1.6000e+02        1.4100e-18     
1.6400e+02        3.7200e-19     
1.6650e+02        2.6000e-19     
1.6750e+02        3.3500e-19     
1.6800e+02        2.9800e-19     
1.6850e+02        3.7200e-19     
1.6900e+02        3.1600e-19     
1.6950e+02        5.2100e-19     
1.7000e+02        4.0900e-19     
1.7110e+02        3.8200e-19     
1.7120e+02        3.6800e-19     
1.7130e+02        4.2500e-19     
1.7140e+02        3.9300e-19     
1.7150e+02        5.4500e-19     
1.7160e+02        6.1000e-19     
1.7170e+02        6.2000e-19     
1.7180e+02        6.3200e-19     
1.7190e+02        5.7200e-19     
1.7200e+02        4.7900e-19     
1.7210e+02        4.5600e-19     
1.7220e+02        4.5500e-19     
1.7230e+02        4.8600e-19     
1.7240e+02        5.3600e-19     
1.7250e+02        6.3300e-19     
1.7260e+02        6.2200e-19     
1.7270e+02        6.7700e-19     
1.7280e+02        8.3500e-19     
1.7290e+02        8.0600e-19     
1.7300e+02        7.1000e-19     
1.7310e+02        6.3600e-19     
1.7320e+02        5.3200e-19     
1.7330e+02        4.5000e-19     
1.7340e+02        4.5500e-19     
1.7350e+02        6.1700e-19     
1.7360e+02        7.8900e-19     
1.7370e+02        1.0600e-18     
1.7380e+02        1.0700e-18     
1.7390e+02        9.2400e-19     
1.7400e+02        8.4200e-19     
1.7410e+02        7.5100e-19     
1.7420e+02        7.8800e-19     
1.7430e+02        6.9300e-19     
1.7440e+02        9.1000e-19     
1.7450e+02        8.4000e-19     
1.7460e+02        8.2800e-19     
1.7470e+02        8.2100e-19     
1.7480e+02        9.2900e-19     
1.7490e+02        1.0900e-18     
1.7500e+02        1.0600e-18     
1.7510e+02        1.0600e-18     
1.7520e+02        1.1800e-18     
1.7530e+02        1.3600e-18     
1.7540e+02        1.0500e-18     
1.7550e+02        8.1700e-19     
1.7560e+02        7.3900e-19     
1.7570e+02        9.4800e-19     
1.7580e+02        1.0200e-18     
1.7590e+02        9.2300e-19     
1.7600e+02        9.3200e-19     
1.7610e+02        1.4700e-18     
1.7620e+02        2.0100e-18     
1.7630e+02        1.5100e-18     
1.7640e+02        1.1400e-18     
1.7650e+02        1.1800e-18     
1.7660e+02        1.3700e-18     
1.7670e+02        1.1100e-18     
1.7680e+02        9.3100e-19     
1.7690e+02        8.5400e-19     
1.7700e+02        1.0300e-18     
1.7710e+02        1.9800e-18     
1.7720e+02        1.6600e-18     
1.7730e+02        1.4700e-18     
1.7740e+02        1.4700e-18     
1.7750e+02        2.1600e-18     
1.7760e+02        1.8700e-18     
1.7770e+02        1.3800e-18     
1.7780e+02        1.2600e-18     
1.7790e+02        1.1600e-18     
1.7800e+02        1.4100e-18     
1.7810e+02        1.5900e-18     
1.7820e+02        1.3600e-18     
1.7830e+02        1.3600e-18     
1.7840e+02        1.9900e-18     
1.7850e+02        2.4100e-18     
1.7860e+02        1.8700e-18     
1.7870e+02        2.1100e-18     
1.7880e+02        2.0800e-18     
1.7890e+02        1.9600e-18     
1.7900e+02        1.9300e-18     
1.7910e+02        1.6900e-18     
1.7920e+02        1.4700e-18     
1.7930e+02        1.7200e-18     
1.7940e+02        2.0000e-18     
1.7950e+02        1.6800e-18     
1.7960e+02        1.8600e-18     
1.7970e+02        2.2000e-18     
1.7980e+02        2.5200e-18     
1.7990e+02        2.6600e-18     
1.8000e+02        2.5800e-18     
1.8010e+02        2.1800e-18     
1.8020e+02        2.2900e-18     
1.8030e+02        2.2000e-18     
1.8040e+02        1.8000e-18     
1.8050e+02        1.5800e-18     
1.8060e+02        1.8300e-18     
1.8070e+02        1.8000e-18     
1.8080e+02        2.6500e-18     
1.8090e+02        2.5500e-18     
1.8100e+02        2.2600e-18     
1.8110e+02        2.5900e-18     
1.8120e+02        3.9400e-18     
1.8130e+02        3.3600e-18     
1.8140e+02        2.9300e-18     
1.8150e+02        2.2000e-18     
1.8160e+02        1.7300e-18     
1.8170e+02        2.1000e-18     
1.8180e+02        2.5100e-18     
1.8190e+02        2.1900e-18     
1.8200e+02        1.7200e-18     
1.8210e+02        2.4100e-18     
1.8220e+02        4.4100e-18     
1.8230e+02        4.1300e-18     
1.8240e+02        3.6000e-18     
1.8250e+02        2.7900e-18     
1.8260e+02        2.4700e-18     
1.8270e+02        2.8900e-18     
1.8280e+02        3.6600e-18     
1.8290e+02        2.9700e-18     
1.8300e+02        2.3100e-18     
1.8310e+02        1.9700e-18     
1.8320e+02        2.6300e-18     
1.8330e+02        2.6300e-18     
1.8340e+02        2.9400e-18     
1.8350e+02        2.8800e-18     
1.8360e+02        3.6400e-18     
1.8370e+02        4.7700e-18     
1.8380e+02        5.3700e-18     
1.8390e+02        4.1600e-18     
1.8400e+02        3.5300e-18     
1.8410e+02        2.9500e-18     
1.8420e+02        2.5500e-18     
1.8430e+02        2.2200e-18     
1.8440e+02        2.2700e-18     
1.8450e+02        2.1600e-18     
1.8460e+02        3.0900e-18     
1.8470e+02        5.5900e-18     
1.8480e+02        5.6500e-18     
1.8490e+02        4.3100e-18     
1.8500e+02        3.6200e-18     
1.8510e+02        4.1600e-18     
1.8520e+02        4.2300e-18     
1.8530e+02        4.4100e-18     
1.8540e+02        3.9300e-18     
1.8550e+02        3.1700e-18     
1.8560e+02        2.4000e-18     
1.8570e+02        3.4000e-18     
1.8580e+02        3.7900e-18     
1.8590e+02        3.1900e-18     
1.8600e+02        2.7500e-18     
1.8610e+02        4.5800e-18     
1.8620e+02        6.9800e-18     
1.8630e+02        6.1400e-18     
1.8640e+02        5.8300e-18     
1.8650e+02        5.4900e-18     
1.8660e+02        4.0500e-18     
1.8670e+02        3.4600e-18     
1.8680e+02        2.9900e-18     
1.8690e+02        3.3600e-18     
1.8700e+02        2.7000e-18     
1.8710e+02        2.3800e-18     
1.8720e+02        6.6000e-18     
1.8730e+02        7.5700e-18     
1.8740e+02        5.6200e-18     
1.8750e+02        4.4200e-18     
1.8760e+02        5.9800e-18     
1.8770e+02        5.1700e-18     
1.8780e+02        5.7100e-18     
1.8790e+02        5.0600e-18     
1.8800e+02        5.2700e-18     
1.8810e+02        4.1800e-18     
1.8820e+02        3.1000e-18     
1.8830e+02        4.7800e-18     
1.8840e+02        4.7400e-18     
1.8850e+02        3.4000e-18     
1.8860e+02        2.6000e-18     
1.8870e+02        7.0300e-18     
1.8880e+02        7.3100e-18     
1.8890e+02        7.1300e-18     
1.8900e+02        6.1000e-18     
1.8910e+02        5.9800e-18     
1.8920e+02        5.8100e-18     
1.8930e+02        5.8900e-18     
1.8940e+02        5.4100e-18     
1.8950e+02        4.6400e-18     
1.8960e+02        3.3600e-18     
1.8970e+02        2.2500e-18     
1.8980e+02        4.7700e-18     
1.8990e+02        8.7800e-18     
1.9000e+02        6.2900e-18     
1.9010e+02        4.8000e-18     
1.9020e+02        5.9200e-18     
1.9030e+02        5.5000e-18     
1.9040e+02        1.0100e-17     
1.9050e+02        8.6900e-18     
1.9060e+02        7.2100e-18     
1.9070e+02        5.7700e-18     
1.9080e+02        5.2100e-18     
1.9090e+02        4.0700e-18     
1.9100e+02        5.7000e-18     
1.9110e+02        4.5400e-18     
1.9120e+02        3.2600e-18     
1.9130e+02        5.0900e-18     
1.9140e+02        6.5900e-18     
1.9150e+02        8.3600e-18     
1.9160e+02        9.6500e-18     
1.9170e+02        6.8200e-18     
1.9180e+02        4.6000e-18     
1.9190e+02        8.6100e-18     
1.9200e+02        1.0900e-17     
1.9210e+02        9.1300e-18     
1.9220e+02        5.9300e-18     
1.9230e+02        4.2800e-18     
1.9240e+02        3.2700e-18     
1.9250e+02        4.8300e-18     
1.9260e+02        6.3300e-18     
1.9270e+02        6.7800e-18     
1.9280e+02        5.5200e-18     
1.9290e+02        3.8600e-18     
1.9300e+02        3.5300e-18     
1.9310e+02        1.0100e-17     
1.9320e+02        1.5800e-17     
1.9330e+02        1.1900e-17     
1.9340e+02        7.5000e-18     
1.9350e+02        7.7800e-18     
1.9360e+02        6.6300e-18     
1.9370e+02        5.1200e-18     
1.9380e+02        4.5800e-18     
1.9390e+02        4.5500e-18     
1.9400e+02        5.2000e-18     
1.9410e+02        4.7400e-18     
1.9420e+02        5.2200e-18     
1.9430e+02        5.4600e-18     
1.9440e+02        1.0200e-17     
1.9450e+02        7.5100e-18     
1.9460e+02        5.3000e-18     
1.9470e+02        1.0700e-17     
1.9480e+02        1.5500e-17     
1.9490e+02        1.2200e-17     
1.9500e+02        7.7600e-18     
1.9510e+02        5.6100e-18     
1.9520e+02        5.1700e-18     
1.9530e+02        4.9300e-18     
1.9540e+02        4.8900e-18     
1.9550e+02        4.7700e-18     
1.9560e+02        4.1700e-18     
1.9570e+02        2.9900e-18     
1.9580e+02        2.5500e-18     
1.9590e+02        5.0900e-18     
1.9600e+02        1.1900e-17     
1.9610e+02        1.9900e-17     
1.9620e+02        1.4000e-17     
1.9630e+02        1.1300e-17     
1.9640e+02        8.9900e-18     
1.9650e+02        7.0700e-18     
1.9660e+02        5.3500e-18     
1.9670e+02        4.7000e-18     
1.9680e+02        5.6900e-18     
1.9690e+02        5.2300e-18     
1.9700e+02        4.0800e-18     
1.9710e+02        3.5100e-18     
1.9720e+02        2.6400e-18     
1.9730e+02        6.2700e-18     
1.9740e+02        1.3000e-17     
1.9750e+02        1.1500e-17     
1.9760e+02        1.8200e-17     
1.9770e+02        1.3800e-17     
1.9780e+02        1.5900e-17     
1.9790e+02        1.1100e-17     
1.9800e+02        7.7400e-18     
1.9810e+02        7.3600e-18     
1.9820e+02        5.0100e-18     
1.9830e+02        4.1500e-18     
1.9840e+02        4.1000e-18     
1.9850e+02        3.8200e-18     
1.9860e+02        2.8300e-18     
1.9870e+02        2.0200e-18     
1.9880e+02        3.7400e-18     
1.9890e+02        1.0100e-17     
1.9900e+02        7.9800e-18     
1.9910e+02        1.8600e-17     
1.9920e+02        1.9700e-17     
1.9930e+02        1.3000e-17     
1.9940e+02        9.2100e-18     
1.9950e+02        6.2300e-18     
1.9960e+02        4.9100e-18     
1.9970e+02        5.9300e-18     
1.9980e+02        5.6900e-18     
1.9990e+02        4.2900e-18     
2.0000e+02        3.4600e-18     
2.0010e+02        2.5600e-18     
2.0020e+02        1.9200e-18     
2.0030e+02        1.3000e-18     
2.0040e+02        7.0400e-18     
2.0050e+02        1.9000e-17     
2.0060e+02        1.7400e-17     
2.0070e+02        1.1600e-17     
2.0080e+02        1.1200e-17     
2.0090e+02        9.5400e-18     
2.0100e+02        8.8300e-18     
2.0110e+02        6.8600e-18     
2.0120e+02        4.5700e-18     
2.0130e+02        4.0300e-18     
2.0140e+02        3.6900e-18     
2.0150e+02        3.5500e-18     
2.0160e+02        2.5800e-18     
2.0170e+02        1.8500e-18     
2.0180e+02        2.5400e-18     
2.0190e+02        9.5900e-18     
2.0200e+02        8.9200e-18     
2.0210e+02        8.3300e-18     
2.0220e+02        1.7800e-17     
2.0230e+02        1.6200e-17     
2.0240e+02        1.0300e-17     
2.0250e+02        7.1600e-18     
2.0260e+02        5.0400e-18     
2.0270e+02        4.8100e-18     
2.0280e+02        5.0600e-18     
2.0290e+02        4.0500e-18     
2.0300e+02        2.9700e-18     
2.0310e+02        2.1800e-18     
2.0320e+02        2.0000e-18     
2.0330e+02        1.7200e-18     
2.0340e+02        1.1900e-18     
2.0350e+02        4.2100e-18     
2.0360e+02        1.9000e-17     
2.0370e+02        1.7600e-17     
2.0380e+02        1.1600e-17     
2.0390e+02        1.0400e-17     
2.0400e+02        8.4000e-18     
2.0410e+02        6.8600e-18     
2.0420e+02        5.5100e-18     
2.0430e+02        3.7400e-18     
2.0440e+02        2.6500e-18     
2.0450e+02        2.1700e-18     
2.0460e+02        3.0000e-18     
2.0470e+02        2.5900e-18     
2.0480e+02        1.8900e-18     
2.0490e+02        1.3500e-18     
2.0500e+02        4.5800e-18     
2.0510e+02        9.6000e-18     
2.0520e+02        7.3000e-18     
2.0530e+02        1.2100e-17     
2.0540e+02        1.4100e-17     
2.0550e+02        1.1300e-17     
2.0560e+02        7.8300e-18     
2.0570e+02        5.7700e-18     
2.0580e+02        4.0000e-18     
2.0590e+02        2.9600e-18     
2.0600e+02        3.0600e-18     
2.0610e+02        3.0100e-18     
2.0620e+02        2.1200e-18     
2.0630e+02        1.4700e-18     
2.0640e+02        1.0700e-18     
2.0650e+02        1.0600e-18     
2.0660e+02        8.4700e-19     
2.0670e+02        4.3000e-18     
2.0680e+02        1.1200e-17     
2.0690e+02        1.7800e-17     
2.0700e+02        1.2900e-17     
2.0710e+02        9.7000e-18     
2.0720e+02        6.8900e-18     
2.0730e+02        5.4900e-18     
2.0740e+02        4.3700e-18     
2.0750e+02        3.4000e-18     
2.0760e+02        2.5900e-18     
2.0770e+02        1.9300e-18     
2.0780e+02        1.3500e-18     
2.0790e+02        1.0600e-18     
2.0800e+02        1.1200e-18     
2.0810e+02        8.2000e-19     
2.0820e+02        6.1200e-19     
2.0830e+02        3.0500e-18     
2.0840e+02        9.6200e-18     
2.0850e+02        1.1400e-17     
2.0860e+02        1.0200e-17     
2.0870e+02        8.9600e-18     
2.0880e+02        8.4000e-18     
2.0890e+02        6.7100e-18     
2.0900e+02        4.9000e-18     
2.0910e+02        3.5600e-18     
2.0920e+02        2.4900e-18     
2.0930e+02        1.8600e-18     
2.0940e+02        1.4100e-18     
2.0950e+02        1.3000e-18     
2.0960e+02        9.5900e-19     
2.0970e+02        6.3300e-19     
2.0980e+02        4.3000e-19     
2.0990e+02        4.9500e-19     
2.1000e+02        5.0800e-18     
2.1010e+02        5.3700e-18     
2.1020e+02        9.8200e-18     
2.1030e+02        1.0500e-17     
2.1040e+02        8.9500e-18     
2.1050e+02        6.8100e-18     
2.1060e+02        4.9200e-18     
2.1070e+02        3.6600e-18     
2.1080e+02        2.7000e-18     
2.1090e+02        2.1100e-18     
2.1100e+02        2.0800e-18     
2.1110e+02        1.5400e-18     
2.1120e+02        1.0100e-18     
2.1130e+02        6.6300e-19     
2.1140e+02        4.6100e-19     
2.1150e+02        3.2600e-19     
2.1160e+02        3.3800e-19     
2.1170e+02        2.0000e-18     
2.1180e+02        1.1600e-17     
2.1190e+02        9.4800e-18     
2.1200e+02        7.3200e-18     
2.1210e+02        5.7700e-18     
2.1220e+02        4.9400e-18     
2.1230e+02        3.9400e-18     
2.1240e+02        3.0100e-18     
2.1250e+02        2.8100e-18     
2.1260e+02        3.0500e-18     
2.1270e+02        2.2500e-18     
2.1280e+02        1.5200e-18     
2.1290e+02        1.0200e-18     
2.1300e+02        6.9500e-19     
2.1310e+02        5.8700e-19     
2.1320e+02        4.8200e-19     
2.1330e+02        7.0200e-19     
2.1340e+02        5.5000e-18     
2.1350e+02        5.0500e-18     
2.1360e+02        7.3400e-18     
2.1370e+02        6.9700e-18     
2.1380e+02        5.4000e-18     
2.1390e+02        3.7100e-18     
2.1400e+02        2.5700e-18     
2.1410e+02        2.5500e-18     
2.1420e+02        3.1800e-18     
2.1430e+02        2.5000e-18     
2.1440e+02        1.7500e-18     
2.1450e+02        1.1700e-18     
2.1460e+02        7.8200e-19     
2.1470e+02        8.0100e-19     
2.1480e+02        8.9100e-19     
2.1490e+02        6.4500e-19     
2.1500e+02        4.1400e-19     
2.1510e+02        1.0100e-18     
2.1520e+02        5.3100e-18     
2.1530e+02        7.6000e-18     
2.1540e+02        5.9100e-18     
2.1550e+02        3.9600e-18     
2.1560e+02        2.8900e-18     
2.1570e+02        2.1200e-18     
2.1580e+02        2.1500e-18     
2.1590e+02        1.8600e-18     
2.1600e+02        1.3300e-18     
2.1610e+02        9.3200e-19     
2.1620e+02        6.6900e-19     
2.1630e+02        5.3600e-19     
2.1640e+02        1.0100e-18     
2.1650e+02        9.6500e-19     
2.1660e+02        7.1100e-19     
2.1670e+02        4.7700e-19     
2.1680e+02        5.3400e-19     
2.1690e+02        2.8900e-18     
2.1700e+02        4.0800e-18     
2.1710e+02        4.3200e-18     
2.1720e+02        3.6700e-18     
2.1730e+02        3.0200e-18     
2.1740e+02        2.0900e-18     
2.1750e+02        1.4500e-18     
2.1760e+02        1.0500e-18     
2.1770e+02        8.1600e-19     
2.1780e+02        7.0700e-19     
2.1790e+02        5.3500e-19     
2.1800e+02        4.6200e-19     
2.1810e+02        8.6600e-19     
2.1820e+02        7.3900e-19     
2.1830e+02        5.8200e-19     
2.1840e+02        3.6600e-19     
2.1850e+02        2.8000e-19     
2.1860e+02        2.8300e-19     
2.1870e+02        1.4700e-18     
2.1880e+02        3.1200e-18     
2.1890e+02        3.7600e-18     
2.1900e+02        3.0200e-18     
2.1910e+02        2.1100e-18     
2.1920e+02        1.4900e-18     
2.1930e+02        1.1700e-18     
2.1940e+02        1.0100e-18     
2.1950e+02        7.4800e-19     
2.1960e+02        5.4000e-19     
2.1970e+02        4.0700e-19     
2.1980e+02        4.3300e-19     
2.1990e+02        3.9400e-19     
2.2000e+02        2.8200e-19     
2.2010e+02        1.9700e-19     
2.2020e+02        1.4300e-19     
2.2030e+02        1.8400e-19     
2.2040e+02        2.0200e-19     
2.2050e+02        1.0300e-18     
2.2060e+02        2.4000e-18     
2.2070e+02        2.6000e-18     
2.2080e+02        1.8500e-18     
2.2090e+02        1.4300e-18     
2.2100e+02        1.2000e-18     
2.2110e+02        1.2100e-18     
2.2120e+02        9.7000e-19     
2.2130e+02        6.9700e-19     
2.2140e+02        5.2500e-19     
2.2150e+02        3.9600e-19     
2.2160e+02        2.7000e-19     
2.2170e+02        1.9100e-19     
2.2180e+02        1.3800e-19     
2.2190e+02        1.0500e-19     
2.2200e+02        9.5800e-20     
2.2210e+02        2.7900e-19     
2.2220e+02        2.3700e-19     
2.2230e+02        5.0700e-19     
2.2240e+02        1.1600e-18     
2.2250e+02        1.1800e-18     
2.2260e+02        1.0000e-18     
2.2270e+02        9.1000e-19     
2.2280e+02        9.9400e-19     
2.2290e+02        1.0100e-18     
2.2300e+02        8.9300e-19     
2.2310e+02        6.3000e-19     
2.2320e+02        4.9400e-19     
2.2330e+02        3.6100e-19     
2.2340e+02        2.3700e-19     
2.2350e+02        1.6500e-19     
2.2360e+02        1.1500e-19     
2.2370e+02        8.3500e-20     
2.2380e+02        9.1100e-20     
2.2390e+02        3.1100e-19     
2.2400e+02        4.0000e-19     
2.2410e+02        2.9600e-19     
2.2420e+02        4.1600e-19     
2.2430e+02        7.2400e-19     
2.2440e+02        6.5500e-19     
2.2450e+02        6.1300e-19     
2.2460e+02        5.9200e-19     
2.2470e+02        5.1700e-19     
2.2480e+02        5.0600e-19     
2.2490e+02        3.8900e-19     
2.2500e+02        2.9800e-19     
2.2510e+02        2.2200e-19     
2.2520e+02        1.4900e-19     
2.2530e+02        1.0800e-19     
2.2540e+02        9.3300e-20     
2.2550e+02        8.6600e-20     
2.2560e+02        7.4600e-20     
2.2570e+02        1.1800e-19     
2.2580e+02        4.6200e-19     
2.2590e+02        4.7600e-19     
2.2600e+02        4.0100e-19     
2.2610e+02        4.3400e-19     
2.2620e+02        4.0700e-19     
2.2630e+02        3.6300e-19     
2.2640e+02        3.3600e-19     
2.2650e+02        2.5400e-19     
2.2660e+02        1.8300e-19     
2.2670e+02        1.2500e-19     
2.2680e+02        1.0000e-19     
2.2690e+02        9.3800e-20     
2.2700e+02        8.6100e-20     
2.2710e+02        6.7600e-20     
2.2720e+02        6.9200e-20     
2.2730e+02        6.5300e-20     
2.2740e+02        6.4800e-20     
2.2750e+02        6.1300e-20     
2.2760e+02        8.0900e-20     
2.2770e+02        3.1000e-19     
2.2780e+02        4.4200e-19     
2.2790e+02        3.6900e-19     
2.2800e+02        3.0300e-19     
2.2810e+02        1.9700e-19     
2.2820e+02        1.8700e-19     
2.2830e+02        1.7300e-19     
2.2840e+02        1.2800e-19     
2.2850e+02        9.5600e-20     
2.2860e+02        6.6200e-20     
2.2870e+02        5.6400e-20     
2.2880e+02        7.4600e-20     
2.2890e+02        8.1800e-20     
2.2900e+02        6.4400e-20     
2.2910e+02        4.6000e-20     
2.2920e+02        3.7300e-20     
2.2930e+02        2.8800e-20     
2.2940e+02        2.4000e-20     
2.2950e+02        2.5500e-20     
2.2960e+02        4.9800e-20     
2.2970e+02        1.7200e-19     
2.2980e+02        2.1900e-19     
2.2990e+02        2.2900e-19     
2.3000e+02        1.6700e-19     
2.3010e+02        1.2400e-19     
2.3020e+02        9.2500e-20     
2.3030e+02        6.9500e-20     
2.3040e+02        6.2300e-20     
2.3050e+02        5.8500e-20     
2.3060e+02        4.8600e-20     
2.3070e+02        4.2500e-20     
2.3080e+02        6.4900e-20     
2.3090e+02        8.2200e-20     
2.3100e+02        6.6300e-20     
2.3110e+02        4.9600e-20     
2.3120e+02        3.6700e-20     
2.3130e+02        3.0100e-20     
2.3140e+02        2.7600e-20     
2.3150e+02        2.6000e-20     
2.3160e+02        2.4500e-20     
2.3170e+02        2.5400e-20     
2.3180e+02        4.9900e-20     
2.3190e+02        7.8600e-20     
2.3200e+02        6.6300e-20     
2.3210e+02        5.1600e-20     
2.3220e+02        4.1100e-20     
2.3230e+02        3.6800e-20     
2.3240e+02        3.7800e-20     
2.3250e+02        4.7700e-20     
2.3260e+02        4.1800e-20     
2.3270e+02        4.0200e-20     
2.3280e+02        6.5100e-20     
2.3290e+02        8.1700e-20     
2.3300e+02        5.9400e-20     
2.3310e+02        4.6700e-20     
2.3320e+02        3.5600e-20     
2.3330e+02        2.7700e-20     
2.3340e+02        2.3900e-20     
2.3350e+02        2.2400e-20     
2.3360e+02        2.2000e-20     
2.3370e+02        2.2900e-20     
2.3380e+02        2.2700e-20     
2.3390e+02        2.3800e-20     
2.3400e+02        2.3500e-20     
2.3410e+02        2.2600e-20     
2.3420e+02        2.0900e-20     
2.3430e+02        2.1400e-20     
2.3440e+02        2.8800e-20     
2.3450e+02        3.1300e-20     
2.3460e+02        3.2400e-20     
2.3470e+02        3.4200e-20     
2.3480e+02        3.5100e-20     
2.3490e+02        5.3900e-20     
2.3500e+02        5.0100e-20     
2.3510e+02        4.2700e-20     
2.3520e+02        3.7000e-20     
2.3530e+02        3.5700e-20     
2.3540e+02        3.6600e-20     
2.3550e+02        3.7400e-20     
2.3560e+02        3.6900e-20     
2.3570e+02        3.6100e-20     
2.3580e+02        3.1100e-20     
2.3590e+02        2.9600e-20     
2.3600e+02        2.7800e-20     
2.3610e+02        2.5300e-20     
2.3620e+02        2.5300e-20     
2.3630e+02        2.5000e-20     
2.3640e+02        2.4800e-20     
2.3650e+02        2.6700e-20     
2.3660e+02        3.0200e-20     
2.3670e+02        3.1700e-20     
2.3680e+02        3.0200e-20     
2.3690e+02        2.7700e-20     
2.3700e+02        2.5200e-20     
2.3710e+02        2.7300e-20     
2.3720e+02        3.1100e-20     
2.3730e+02        3.1800e-20     
2.3740e+02        2.8900e-20     
2.3750e+02        2.6000e-20     
2.3760e+02        2.5700e-20     
2.3770e+02        2.4100e-20     
2.3780e+02        2.7000e-20     
2.3790e+02        3.4500e-20     
2.3800e+02        3.7600e-20     
2.3810e+02        3.5000e-20     
2.3820e+02        3.2200e-20     
2.3830e+02        3.1700e-20     
2.3840e+02        3.1800e-20     
2.3850e+02        3.1800e-20     
2.3860e+02        3.2400e-20     
2.3870e+02        3.1600e-20     
2.3880e+02        3.2100e-20     
2.3890e+02        3.6600e-20     
2.3900e+02        3.4100e-20     
2.3910e+02        3.0600e-20     
2.3920e+02        3.0000e-20     
2.3930e+02        3.4100e-20     
2.3940e+02        3.4600e-20     
2.3950e+02        3.7000e-20     
2.3960e+02        4.4200e-20     
2.3970e+02        4.3100e-20     
2.3980e+02        4.0100e-20     
2.3990e+02        4.1200e-20     
