HCN
wavelength (nm)   cross section (cm2/molecule)
1.0000e-01        6.0000e-23     
3.0000e+00        1.2000e-18     
3.1000e+00        5.0000e-19     
4.1000e+00        1.1000e-18     
4.3000e+00        1.2000e-19     
5.0000e+00        1.8000e-19     
1.0000e+01        9.2000e-19     
2.0000e+01        3.6500e-18     
3.0000e+01        7.3300e-18     
4.0000e+01        1.1200e-17     
5.0000e+01        1.6200e-17     
6.0000e+01        2.0600e-17     
7.0000e+01        2.4300e-17     
8.0000e+01        2.7000e-17     
9.0000e+01        1.5600e-17     
9.1120e+01        1.5500e-17     
9.1200e+01        1.5500e-17     
1.0500e+02        1.4600e-17     
1.0515e+02        1.4600e-17     
1.0527e+02        2.0600e-17     
1.0558e+02        1.4500e-17     
1.0590e+02        2.2600e-17     
1.0601e+02        2.0500e-17     
1.0633e+02        2.3300e-17     
1.0646e+02        2.0300e-17     
1.0664e+02        2.5500e-17     
1.0679e+02        1.8800e-17     
1.0688e+02        2.8900e-17     
1.0700e+02        2.6900e-17     
1.0733e+02        6.3800e-17     
1.0756e+02        3.7700e-17     
1.0774e+02        5.8900e-17     
1.0809e+02        2.7900e-17     
1.0820e+02        2.8500e-17     
1.0839e+02        2.4900e-17     
1.0857e+02        3.3300e-17     
1.0889e+02        2.1500e-17     
1.0903e+02        4.3600e-17     
1.0945e+02        1.9100e-17     
1.0983e+02        2.4700e-17     
1.1033e+02        1.7400e-17     
1.1050e+02        2.8200e-17     
1.1070e+02        2.3700e-17     
1.1081e+02        2.4200e-17     
1.1106e+02        2.1900e-17     
1.1115e+02        3.6800e-17     
1.1143e+02        2.2200e-17     
1.1217e+02        8.1600e-17     
1.1258e+02        4.4600e-17     
1.1266e+02        4.5100e-17     
1.1307e+02        3.7300e-17     
1.1354e+02        4.5500e-17     
1.1369e+02        4.3200e-17     
1.1393e+02        4.4300e-17     
1.1411e+02        4.1700e-17     
1.1429e+02        4.3600e-17     
1.1513e+02        3.6100e-17     
1.1561e+02        4.5100e-17     
1.1722e+02        1.7300e-17     
1.1745e+02        1.6700e-17     
1.1774e+02        2.2400e-17     
1.1803e+02        1.9700e-17     
1.1841e+02        2.8900e-17     
1.1853e+02        2.9000e-17     
1.1894e+02        3.6900e-17     
1.1952e+02        2.5000e-17     
1.1971e+02        2.8700e-17     
1.2038e+02        2.0300e-17     
1.2076e+02        2.8200e-17     
1.2105e+02        2.3200e-17     
1.2150e+02        4.2400e-17     
1.2198e+02        3.6600e-17     
1.2231e+02        2.6400e-17     
1.2241e+02        2.5400e-17     
1.2290e+02        1.7200e-17     
1.2307e+02        2.0600e-17     
1.2342e+02        1.1600e-17     
1.2396e+02        6.5600e-18     
1.2460e+02        4.3200e-18     
1.2487e+02        4.3200e-18     
1.2582e+02        1.8300e-18     
1.2700e+02        1.1100e-18     
1.2903e+02        2.1400e-18     
1.2952e+02        1.0700e-18     
1.3000e+02        1.6800e-18     
1.3014e+02        1.9100e-18     
1.3046e+02        1.4900e-18     
1.3087e+02        1.7600e-18     
1.3099e+02        2.7900e-18     
1.3109e+02        2.6800e-18     
1.3117e+02        3.1000e-18     
1.3148e+02        2.1400e-18     
1.3162e+02        2.6400e-18     
1.3212e+02        1.5300e-18     
1.3241e+02        3.2900e-18     
1.3267e+02        3.3300e-18     
1.3284e+02        2.5600e-18     
1.3303e+02        2.8300e-18     
1.3322e+02        2.4500e-18     
1.3324e+02        3.1400e-18     
1.3371e+02        1.7200e-18     
1.3387e+02        6.2000e-18     
1.3397e+02        5.9300e-18     
1.3406e+02        8.5200e-18     
1.3444e+02        1.8700e-18     
1.3463e+02        1.2600e-18     
1.3493e+02        2.1400e-18     
1.3517e+02        7.0900e-18     
1.3540e+02        4.6800e-18     
1.3557e+02        8.8300e-18     
1.3594e+02        2.0700e-18     
1.3616e+02        1.9100e-18     
1.3629e+02        3.5600e-18     
1.3642e+02        2.7100e-18     
1.3658e+02        4.9500e-18     
1.3671e+02        3.4800e-18     
1.3679e+02        2.4600e-17     
1.3722e+02        2.3300e-18     
1.3735e+02        2.4900e-18     
1.3778e+02        1.1500e-18     
1.3805e+02        2.6400e-18     
1.3821e+02        2.5400e-17     
1.3875e+02        1.6800e-18     
1.3920e+02        8.7900e-19     
1.3969e+02        3.1000e-18     
1.3972e+02        2.8600e-17     
1.4000e+02        4.2800e-18     
1.4080e+02        7.2700e-19     
1.4115e+02        1.2600e-18     
1.4124e+02        2.5300e-17     
1.4166e+02        2.4100e-18     
1.4200e+02        2.6000e-18     
1.4263e+02        6.5100e-19     
1.4287e+02        2.1400e-18     
1.4290e+02        1.5100e-17     
1.4339e+02        1.8000e-18     
1.4443e+02        8.4300e-19     
1.4468e+02        1.3000e-18     
1.4477e+02        1.1200e-17     
1.4505e+02        1.5300e-18     
1.4630e+02        5.3500e-19     
1.4648e+02        1.2200e-18     
1.4660e+02        5.9300e-18     
1.4681e+02        1.6500e-18     
1.4707e+02        8.4300e-19     
1.4830e+02        5.7600e-19     
1.4845e+02        3.7100e-18     
1.4860e+02        7.6300e-19     
1.5023e+02        6.8700e-19     
1.5031e+02        1.8700e-18     
1.5056e+02        4.2100e-19     
1.5227e+02        4.9500e-19     
1.5240e+02        7.6300e-19     
1.5254e+02        4.6000e-19     
1.5500e+02        3.8200e-19     
1.5610e+02        2.5300e-19     
1.5645e+02        2.6500e-19     
1.5675e+02        2.1000e-19     
1.5755e+02        2.9000e-19     
1.5870e+02        1.7100e-19     
1.5920e+02        2.6500e-19     
1.6070e+02        1.3900e-19     
1.6135e+02        2.6500e-19     
1.6250e+02        1.0500e-19     
1.6325e+02        2.3600e-19     
1.6450e+02        6.3400e-20     
1.6525e+02        2.0100e-19     
1.6660e+02        4.6000e-20     
1.6705e+02        1.9600e-19     
1.6730e+02        1.4500e-19     
1.6760e+02        1.4200e-19     
1.6840e+02        4.2800e-20     
1.6845e+02        5.0400e-20     
1.6880e+02        3.1100e-20     
1.6905e+02        1.0300e-19     
1.6915e+02        9.1900e-20     
1.6935e+02        1.7100e-19     
1.7080e+02        1.5900e-20     
1.7105e+02        3.0300e-20     
1.7115e+02        2.4100e-20     
1.7140e+02        1.3300e-19     
1.7160e+02        5.2600e-20     
1.7185e+02        1.3000e-19     
1.7230e+02        2.3600e-20     
1.7260e+02        4.4600e-20     
1.7345e+02        1.0500e-20     
1.7385e+02        1.2700e-19     
1.7425e+02        2.2500e-20     
1.7440e+02        9.1900e-20     
1.7515e+02        1.0000e-20     
1.7545e+02        2.3600e-20     
1.7595e+02        6.8300e-21     
1.7625e+02        1.0000e-19     
1.7690e+02        7.9900e-21     
1.7715e+02        5.2600e-20     
1.7745e+02        7.3200e-21     
1.7800e+02        5.2600e-21     
1.7815e+02        1.3300e-20     
1.7855e+02        2.1000e-21     
1.7875e+02        6.5100e-21     
1.7885e+02        5.4000e-21     
1.7895e+02        4.4600e-20     
1.7925e+02        5.1800e-21     
1.7930e+02        8.9700e-21     
1.7970e+02        1.6300e-21     
1.7990e+02        2.0100e-20     
1.8025e+02        1.7500e-21     
1.8050e+02        3.9000e-21     
1.8080e+02        2.6500e-21     
1.8085e+02        7.4500e-21     
1.8125e+02        2.4100e-21     
1.8145e+02        6.2000e-21     
1.8170e+02        2.9000e-21     
1.8185e+02        1.0000e-20     
1.8225e+02        2.4700e-21     
1.8235e+02        4.6000e-21     
1.8265e+02        1.3300e-21     
1.8290e+02        4.9500e-21     
1.8340e+02        1.0500e-21     
1.8360e+02        1.4900e-21     
1.8375e+02        1.1000e-21     
1.8395e+02        3.4100e-21     
1.8410e+02        1.1300e-21     
1.8435e+02        3.3300e-21     
1.8455e+02        1.2400e-21     
1.8485e+02        5.7600e-21     
1.8525e+02        1.4500e-21     
1.8550e+02        2.0100e-21     
1.8590e+02        8.3900e-22     
1.8610e+02        1.5200e-21     
1.8645e+02        5.5300e-22     
1.8660e+02        9.5900e-22     
1.8685e+02        4.4600e-22     
1.8705e+02        1.9100e-21     
1.8725e+02        6.9600e-22     
1.8740e+02        1.5900e-21     
1.8765e+02        4.9500e-22     
1.8805e+02        1.9100e-21     
1.8855e+02        3.3300e-22     
1.8865e+02        4.6000e-22     
1.8900e+02        2.7100e-22     
1.8915e+02        3.3300e-22     
1.8950e+02        2.1500e-22     
1.8980e+02        3.6500e-22     
1.9005e+02        2.7100e-22     
1.9025e+02        5.4000e-22     
1.9050e+02        3.6500e-22     
1.9070e+02        6.8300e-22     
1.9120e+02        2.7100e-22     
1.9145e+02        5.1800e-22     
1.9190e+02        1.6300e-22     
1.9235e+02        1.5600e-22     
1.9255e+02        2.3600e-22     
1.9270e+02        1.5900e-22     
1.9315e+02        1.5900e-22     
1.9325e+02        2.1500e-22     
1.9365e+02        1.5600e-22     
1.9395e+02        2.1000e-22     
1.9410e+02        1.7100e-22     
1.9430e+02        2.1500e-22     
1.9470e+02        1.5600e-22     
1.9500e+02        1.7900e-22     
