OCS + hv => CS + O1D (wavelength = nm, qy = unitless)
wavelength          300K                
6.00000000e-02      0.00000000e+00      
1.10000000e-01      0.00000000e+00      
2.40000000e-01      0.00000000e+00      
5.00000000e-01      0.00000000e+00      
5.20000000e-01      0.00000000e+00      
6.20000000e-01      0.00000000e+00      
1.26000000e+00      0.00000000e+00      
2.26000000e+00      0.00000000e+00      
2.36000000e+00      0.00000000e+00      
2.46000000e+00      0.00000000e+00      
5.03000000e+00      0.00000000e+00      
5.25000000e+00      0.00000000e+00      
6.21000000e+00      0.00000000e+00      
6.75000000e+00      0.00000000e+00      
7.05000000e+00      0.00000000e+00      
7.35000000e+00      0.00000000e+00      
1.21700000e+01      0.00000000e+00      
2.48000000e+01      0.00000000e+00      
2.53000000e+01      0.00000000e+00      
2.58000000e+01      0.00000000e+00      
2.64000000e+01      0.00000000e+00      
2.70000000e+01      0.00000000e+00      
2.76000000e+01      0.00000000e+00      
2.82000000e+01      0.00000000e+00      
2.88000000e+01      0.00000000e+00      
2.95000000e+01      0.00000000e+00      
3.02000000e+01      0.00000000e+00      
3.10000000e+01      0.00000000e+00      
3.18000000e+01      0.00000000e+00      
3.26000000e+01      0.00000000e+00      
3.35000000e+01      0.00000000e+00      
3.44000000e+01      0.00000000e+00      
3.54000000e+01      0.00000000e+00      
3.65000000e+01      0.00000000e+00      
3.76000000e+01      0.00000000e+00      
3.87000000e+01      0.00000000e+00      
4.00000000e+01      0.00000000e+00      
4.13000000e+01      0.00000000e+00      
4.28000000e+01      0.00000000e+00      
4.43000000e+01      0.00000000e+00      
4.59000000e+01      0.00000000e+00      
4.77000000e+01      0.00000000e+00      
4.96000000e+01      0.00000000e+00      
5.17000000e+01      0.00000000e+00      
5.39000000e+01      0.00000000e+00      
5.64000000e+01      0.00000000e+00      
5.90000000e+01      0.00000000e+00      
6.20000000e+01      0.00000000e+00      
6.53000000e+01      0.00000000e+00      
6.54000000e+01      0.00000000e+00      
6.89000000e+01      0.00000000e+00      
7.29000000e+01      0.00000000e+00      
7.75000000e+01      0.00000000e+00      
8.27000000e+01      0.00000000e+00      
8.86000000e+01      0.00000000e+00      
9.07000000e+01      0.00000000e+00      
9.54000000e+01      0.00000000e+00      
1.06000000e+02      0.00000000e+00      
1.07000000e+02      0.00000000e+00      
1.08000000e+02      0.00000000e+00      
1.09000000e+02      0.00000000e+00      
1.10000000e+02      0.00000000e+00      
1.11000000e+02      0.00000000e+00      
1.12000000e+02      0.00000000e+00      
1.13000000e+02      1.00000000e-01      
1.13700000e+02      1.70000000e-01      
1.14000000e+02      2.00000000e-01      
1.14500000e+02      2.50200000e-01      
1.14800000e+02      2.80000000e-01      
1.15000000e+02      3.00000000e-01      
1.15800000e+02      3.80000000e-01      
1.16400000e+02      4.40000000e-01      
1.16800000e+02      4.80000000e-01      
1.17100000e+02      5.10640000e-01      
1.17200000e+02      5.20000000e-01      
1.18000000e+02      6.00000000e-01      
1.18500000e+02      6.49630000e-01      
1.19000000e+02      7.00000000e-01      
1.19200000e+02      7.17650000e-01      
1.20000000e+02      8.00000000e-01      
1.20700000e+02      8.06060000e-01      
1.21000000e+02      8.12000000e-01      
1.21400000e+02      8.14670000e-01      
1.22000000e+02      8.23080000e-01      
1.23000000e+02      8.29410000e-01      
1.24000000e+02      8.40000000e-01      
1.24500000e+02      8.45640000e-01      
1.25000000e+02      8.50880000e-01      
1.25500000e+02      8.55370000e-01      
1.26100000e+02      8.60760000e-01      
1.26700000e+02      8.67090000e-01      
1.27000000e+02      8.70970000e-01      
1.27700000e+02      8.77240000e-01      
1.28400000e+02      8.85840000e-01      
1.29000000e+02      8.89980000e-01      
1.29500000e+02      8.95570000e-01      
1.30600000e+02      9.00000000e-01      
1.30800000e+02      9.01490000e-01      
1.31400000e+02      8.99560000e-01      
1.32200000e+02      9.00540000e-01      
1.32800000e+02      9.00830000e-01      
1.33200000e+02      9.00000000e-01      
1.34200000e+02      9.00830000e-01      
1.34600000e+02      9.02440000e-01      
1.35400000e+02      9.00830000e-01      
1.35900000e+02      9.03450000e-01      
1.36800000e+02      9.00850000e-01      
1.37200000e+02      9.00000000e-01      
1.38000000e+02      8.97850000e-01      
1.38400000e+02      9.00000000e-01      
1.39200000e+02      9.00830000e-01      
1.40000000e+02      9.01490000e-01      
1.40800000e+02      3.40000000e-01      
1.41000000e+02      2.00720000e-01      
1.42000000e+02      0.00000000e+00      
1.43000000e+02      0.00000000e+00      
1.43400000e+02      0.00000000e+00      
1.44000000e+02      0.00000000e+00      
1.45000000e+02      0.00000000e+00      
1.45500000e+02      0.00000000e+00      
1.46500000e+02      0.00000000e+00      
1.47200000e+02      0.00000000e+00      
1.48200000e+02      0.00000000e+00      
1.49000000e+02      0.00000000e+00      
1.50100000e+02      0.00000000e+00      
1.50600000e+02      0.00000000e+00      
1.51200000e+02      0.00000000e+00      
1.52200000e+02      0.00000000e+00      
1.53500000e+02      0.00000000e+00      
1.54600000e+02      0.00000000e+00      
1.55500000e+02      0.00000000e+00      
1.57000000e+02      0.00000000e+00      
1.57500000e+02      0.00000000e+00      
1.60000000e+02      0.00000000e+00      
1.62500000e+02      0.00000000e+00      
1.65000000e+02      0.00000000e+00      
1.67500000e+02      0.00000000e+00      
1.70000000e+02      0.00000000e+00      
1.82000000e+02      0.00000000e+00      
1.82100000e+02      0.00000000e+00      
1.85000000e+02      0.00000000e+00      
1.86000000e+02      0.00000000e+00      
1.87000000e+02      0.00000000e+00      
1.88000000e+02      0.00000000e+00      
1.89000000e+02      0.00000000e+00      
1.90000000e+02      0.00000000e+00      
1.91000000e+02      0.00000000e+00      
1.92000000e+02      0.00000000e+00      
1.93000000e+02      0.00000000e+00      
1.94000000e+02      0.00000000e+00      
1.95000000e+02      0.00000000e+00      
1.96000000e+02      0.00000000e+00      
1.97000000e+02      0.00000000e+00      
1.98000000e+02      0.00000000e+00      
1.99000000e+02      0.00000000e+00      
2.00000000e+02      0.00000000e+00      
2.01000000e+02      0.00000000e+00      
2.02000000e+02      0.00000000e+00      
2.03000000e+02      0.00000000e+00      
2.04000000e+02      0.00000000e+00      
2.05000000e+02      0.00000000e+00      
2.06000000e+02      0.00000000e+00      
2.07000000e+02      0.00000000e+00      
2.08000000e+02      0.00000000e+00      
2.09000000e+02      0.00000000e+00      
2.10000000e+02      0.00000000e+00      
2.11000000e+02      0.00000000e+00      
2.12000000e+02      0.00000000e+00      
2.13000000e+02      0.00000000e+00      
2.14000000e+02      0.00000000e+00      
2.15000000e+02      0.00000000e+00      
2.16000000e+02      0.00000000e+00      
2.17000000e+02      0.00000000e+00      
2.18000000e+02      0.00000000e+00      
2.19000000e+02      0.00000000e+00      
2.20000000e+02      0.00000000e+00      
2.21000000e+02      0.00000000e+00      
2.22000000e+02      0.00000000e+00      
2.23000000e+02      0.00000000e+00      
2.24000000e+02      0.00000000e+00      
2.25000000e+02      0.00000000e+00      
2.26000000e+02      0.00000000e+00      
2.27000000e+02      0.00000000e+00      
2.28000000e+02      0.00000000e+00      
2.29000000e+02      0.00000000e+00      
2.30000000e+02      0.00000000e+00      
2.31000000e+02      0.00000000e+00      
2.32000000e+02      0.00000000e+00      
2.33000000e+02      0.00000000e+00      
2.34000000e+02      0.00000000e+00      
2.35000000e+02      0.00000000e+00      
2.36000000e+02      0.00000000e+00      
2.37000000e+02      0.00000000e+00      
2.38000000e+02      0.00000000e+00      
2.39000000e+02      0.00000000e+00      
2.40000000e+02      0.00000000e+00      
2.41000000e+02      0.00000000e+00      
2.42000000e+02      0.00000000e+00      
2.43000000e+02      0.00000000e+00      
2.44000000e+02      0.00000000e+00      
2.45000000e+02      0.00000000e+00      
2.46000000e+02      0.00000000e+00      
2.47000000e+02      0.00000000e+00      
2.48000000e+02      0.00000000e+00      
2.49000000e+02      0.00000000e+00      
2.50000000e+02      0.00000000e+00      
2.51000000e+02      0.00000000e+00      
2.52000000e+02      0.00000000e+00      
2.53000000e+02      0.00000000e+00      
2.54000000e+02      0.00000000e+00      
2.55000000e+02      0.00000000e+00      
2.56000000e+02      0.00000000e+00      
2.57000000e+02      0.00000000e+00      
2.58000000e+02      0.00000000e+00      
2.59000000e+02      0.00000000e+00      
2.60000000e+02      0.00000000e+00      
2.61000000e+02      0.00000000e+00      
2.62000000e+02      0.00000000e+00      
2.63000000e+02      0.00000000e+00      
2.64000000e+02      0.00000000e+00      
2.65000000e+02      0.00000000e+00      
2.66000000e+02      0.00000000e+00      
2.67000000e+02      0.00000000e+00      
2.68000000e+02      0.00000000e+00      
2.69000000e+02      0.00000000e+00      
2.70000000e+02      0.00000000e+00      
2.71000000e+02      0.00000000e+00      
2.72000000e+02      0.00000000e+00      
2.73000000e+02      0.00000000e+00      
2.74000000e+02      0.00000000e+00      
2.75000000e+02      0.00000000e+00      
2.76000000e+02      0.00000000e+00      
2.77000000e+02      0.00000000e+00      
2.78000000e+02      0.00000000e+00      
2.79000000e+02      0.00000000e+00      
2.80000000e+02      0.00000000e+00      
2.81000000e+02      0.00000000e+00      
2.82000000e+02      0.00000000e+00      
2.83000000e+02      0.00000000e+00      
2.84000000e+02      0.00000000e+00      
2.85000000e+02      0.00000000e+00      
2.86000000e+02      0.00000000e+00      
2.87000000e+02      0.00000000e+00      
2.88000000e+02      0.00000000e+00      
2.89000000e+02      0.00000000e+00      
2.90000000e+02      0.00000000e+00      
2.91000000e+02      0.00000000e+00      
2.92000000e+02      0.00000000e+00      
2.93000000e+02      0.00000000e+00      
2.94000000e+02      0.00000000e+00      
2.95000000e+02      0.00000000e+00      
2.96000000e+02      0.00000000e+00      
3.36900000e+02      0.00000000e+00      
