N2 (wavelength = nm, xs = cm2/molecule)
wavelength          300K                
1.00000000e-01      8.00000000e-23      
9.90000000e-01      4.20000000e-20      
1.34000000e+00      8.90000000e-20      
2.90000000e+00      1.40000000e-18      
3.00000000e+00      7.00000000e-20      
4.46000000e+00      1.80000000e-19      
6.80000000e+00      4.50000000e-19      
1.00000000e+01      8.50000000e-19      
1.50000000e+01      2.40000000e-18      
2.09300000e+01      6.50000000e-18      
2.47200000e+01      9.80000000e-18      
3.03800000e+01      1.20000000e-17      
3.48000000e+01      1.60000000e-17      
3.95000000e+01      1.85000000e-17      
4.30000000e+01      2.10000000e-17      
4.35000000e+01      2.37000000e-17      
4.98000000e+01      2.42000000e-17      
5.07500000e+01      2.43000000e-17      
5.08200000e+01      2.23000000e-17      
5.10400000e+01      2.30000000e-17      
5.19600000e+01      2.58000000e-17      
5.22200000e+01      2.36000000e-17      
5.25800000e+01      2.62000000e-17      
5.37000000e+01      2.52000000e-17      
5.53300000e+01      2.49000000e-17      
5.54100000e+01      2.53000000e-17      
5.54500000e+01      2.46000000e-17      
5.55300000e+01      2.48000000e-17      
5.84300000e+01      2.31000000e-17      
5.97800000e+01      2.34000000e-17      
5.99600000e+01      2.34000000e-17      
6.00000000e+01      2.74000000e-17      
6.08400000e+01      2.34000000e-17      
6.09800000e+01      2.60000000e-17      
6.10800000e+01      2.33000000e-17      
6.17000000e+01      2.37000000e-17      
6.20000000e+01      2.90000000e-17      
6.24600000e+01      2.40000000e-17      
6.25100000e+01      2.39000000e-17      
6.25800000e+01      2.40000000e-17      
6.29700000e+01      2.42000000e-17      
6.30000000e+01      2.92000000e-17      
6.40000000e+01      2.94000000e-17      
6.50000000e+01      2.94000000e-17      
6.60000000e+01      2.79000000e-17      
6.70000000e+01      2.21000000e-17      
6.71400000e+01      2.38000000e-17      
6.74100000e+01      2.16000000e-17      
6.75100000e+01      2.57000000e-17      
6.79700000e+01      2.16000000e-17      
6.81900000e+01      2.90000000e-17      
6.85000000e+01      2.43000000e-17      
6.85700000e+01      2.49000000e-17      
6.86300000e+01      2.41000000e-17      
6.90900000e+01      2.08000000e-17      
6.94900000e+01      3.54000000e-17      
7.00000000e+01      2.38000000e-17      
7.10000000e+01      2.53000000e-17      
7.15300000e+01      2.31000000e-17      
7.21300000e+01      2.68000000e-17      
7.23400000e+01      4.91000000e-17      
7.26000000e+01      2.57000000e-17      
7.29500000e+01      2.96000000e-17      
7.33000000e+01      2.62000000e-17      
7.34800000e+01      2.66000000e-17      
7.35900000e+01      2.20000000e-17      
7.36800000e+01      2.31000000e-17      
7.37400000e+01      1.75000000e-17      
7.37800000e+01      2.27000000e-17      
7.38400000e+01      1.71000000e-17      
7.39700000e+01      2.43000000e-17      
7.40500000e+01      1.56000000e-17      
7.41400000e+01      1.60000000e-17      
7.42600000e+01      1.53000000e-17      
7.43700000e+01      2.83000000e-17      
7.44700000e+01      2.53000000e-17      
7.45500000e+01      2.77000000e-17      
7.46500000e+01      2.53000000e-17      
7.47000000e+01      2.12000000e-17      
7.47600000e+01      2.53000000e-17      
7.48400000e+01      2.08000000e-17      
7.49300000e+01      2.79000000e-17      
7.49600000e+01      2.64000000e-17      
7.50800000e+01      3.24000000e-17      
7.52000000e+01      1.57000000e-17      
7.52500000e+01      2.08000000e-17      
7.52900000e+01      1.94000000e-17      
7.54300000e+01      5.17000000e-17      
7.56500000e+01      1.56000000e-17      
7.57300000e+01      3.57000000e-17      
7.57700000e+01      2.27000000e-17      
7.58500000e+01      3.24000000e-17      
7.58700000e+01      2.39000000e-17      
7.59400000e+01      1.16000000e-17      
7.59500000e+01      1.56000000e-17      
7.60300000e+01      1.98000000e-17      
7.61100000e+01      4.01000000e-17      
7.61500000e+01      3.87000000e-17      
7.62000000e+01      2.78000000e-17      
7.62700000e+01      1.28000000e-17      
7.63300000e+01      2.73000000e-17      
7.63600000e+01      2.90000000e-17      
7.64400000e+01      1.35000000e-17      
7.64500000e+01      2.31000000e-17      
7.65000000e+01      4.69000000e-17      
7.65100000e+01      8.54000000e-17      
7.67000000e+01      1.14000000e-17      
7.68500000e+01      2.90000000e-17      
7.70500000e+01      1.02000000e-17      
7.71500000e+01      6.33000000e-17      
7.74000000e+01      1.04000000e-17      
7.74500000e+01      3.40000000e-17      
7.78500000e+01      2.68000000e-17      
7.79900000e+01      1.28000000e-17      
7.80000000e+01      1.49000000e-17      
7.81000000e+01      4.47000000e-17      
7.82500000e+01      1.45000000e-17      
7.83500000e+01      8.56000000e-17      
7.85200000e+01      1.51000000e-17      
7.86200000e+01      2.98000000e-17      
7.87700000e+01      8.41000000e-18      
7.88000000e+01      7.44000000e-18      
7.89500000e+01      2.94000000e-17      
7.90200000e+01      2.27000000e-17      
7.90500000e+01      2.07000000e-17      
7.92000000e+01      5.17000000e-17      
7.93500000e+01      2.05000000e-17      
7.95000000e+01      4.24000000e-17      
7.98000000e+01      4.70000000e-18      
8.01000000e+01      5.51000000e-17      
8.01500000e+01      7.33000000e-17      
8.02200000e+01      4.17000000e-18      
8.02300000e+01      2.75000000e-17      
8.03700000e+01      1.30000000e-17      
8.04000000e+01      8.19000000e-18      
8.04500000e+01      3.35000000e-18      
8.05000000e+01      4.84000000e-18      
8.05800000e+01      3.54000000e-17      
8.06000000e+01      1.66000000e-17      
8.06300000e+01      1.51000000e-17      
8.06500000e+01      5.21000000e-17      
8.06600000e+01      9.53000000e-17      
8.08000000e+01      4.43000000e-18      
8.08800000e+01      1.49000000e-17      
8.09000000e+01      7.44000000e-18      
8.10000000e+01      1.56000000e-18      
8.10500000e+01      5.21000000e-18      
8.11500000e+01      1.86000000e-18      
8.12500000e+01      1.82000000e-17      
8.13500000e+01      4.84000000e-17      
8.13700000e+01      8.26000000e-17      
8.15000000e+01      4.84000000e-18      
8.16000000e+01      6.25000000e-18      
8.17500000e+01      7.80000000e-19      
8.18600000e+01      6.81000000e-17      
8.19000000e+01      4.24000000e-17      
8.20100000e+01      8.56000000e-18      
8.20300000e+01      4.35000000e-18      
8.21000000e+01      1.22000000e-17      
8.21200000e+01      2.08000000e-17      
8.22500000e+01      3.80000000e-19      
8.22600000e+01      1.12000000e-18      
8.23300000e+01      1.49000000e-18      
8.24500000e+01      1.19000000e-17      
8.24900000e+01      1.38000000e-17      
8.25200000e+01      1.49000000e-18      
8.25700000e+01      2.46000000e-17      
8.26000000e+01      1.67000000e-17      
8.26400000e+01      8.19000000e-18      
8.28000000e+01      7.56000000e-19      
8.28500000e+01      7.37000000e-18      
8.28600000e+01      4.84000000e-18      
8.29300000e+01      3.35000000e-18      
8.31500000e+01      3.01000000e-19      
8.32000000e+01      3.61000000e-18      
8.33000000e+01      5.50000000e-19      
8.33500000e+01      7.26000000e-18      
8.34100000e+01      5.58000000e-18      
8.34500000e+01      1.94000000e-18      
8.35000000e+01      1.84000000e-17      
8.35100000e+01      2.64000000e-17      
8.36500000e+01      1.09000000e-18      
8.37400000e+01      1.64000000e-17      
8.37500000e+01      1.64000000e-17      
8.40000000e+01      1.97000000e-18      
8.40800000e+01      2.16000000e-17      
8.40900000e+01      3.01000000e-17      
8.41500000e+01      1.30000000e-17      
8.42000000e+01      2.23000000e-17      
8.42200000e+01      2.94000000e-17      
8.42900000e+01      1.19000000e-17      
8.43500000e+01      1.12000000e-18      
8.44100000e+01      2.94000000e-17      
8.44200000e+01      2.12000000e-17      
8.46200000e+01      7.44000000e-19      
8.46900000e+01      5.51000000e-18      
8.47000000e+01      2.98000000e-18      
8.48200000e+01      4.09000000e-19      
8.49700000e+01      1.97000000e-17      
8.50000000e+01      2.85000000e-17      
8.50100000e+01      3.72000000e-17      
8.52500000e+01      1.15000000e-18      
8.52800000e+01      2.68000000e-18      
8.53500000e+01      3.35000000e-17      
8.53700000e+01      4.76000000e-17      
8.55000000e+01      1.86000000e-18      
8.56200000e+01      1.86000000e-17      
8.56300000e+01      2.46000000e-17      
8.56700000e+01      1.51000000e-18      
8.57100000e+01      2.20000000e-17      
8.57200000e+01      2.46000000e-17      
8.59000000e+01      3.31000000e-18      
8.59700000e+01      1.60000000e-18      
8.59800000e+01      5.54000000e-19      
8.60000000e+01      3.80000000e-19      
8.60800000e+01      8.84000000e-18      
8.61300000e+01      4.54000000e-19      
8.62000000e+01      5.81000000e-18      
8.62500000e+01      6.90000000e-19      
8.63300000e+01      7.44000000e-18      
8.63500000e+01      9.30000000e-18      
8.64200000e+01      5.99000000e-19      
8.65000000e+01      1.67000000e-17      
8.65400000e+01      2.87000000e-17      
8.66100000e+01      6.07000000e-19      
8.66500000e+01      2.34000000e-18      
8.66800000e+01      2.20000000e-17      
8.67000000e+01      3.80000000e-17      
8.68100000e+01      1.97000000e-17      
8.70000000e+01      5.29000000e-19      
8.70900000e+01      2.27000000e-17      
8.71500000e+01      3.13000000e-17      
8.71700000e+01      4.09000000e-17      
8.73200000e+01      2.62000000e-18      
8.74200000e+01      4.54000000e-19      
8.75000000e+01      2.75000000e-19      
8.75500000e+01      1.12000000e-17      
8.76200000e+01      4.17000000e-17      
8.76500000e+01      2.64000000e-17      
8.77400000e+01      1.34000000e-17      
8.78300000e+01      5.62000000e-18      
8.79000000e+01      1.82000000e-18      
8.79200000e+01      5.58000000e-18      
8.79600000e+01      6.70000000e-18      
8.80200000e+01      5.62000000e-19      
8.81000000e+01      4.47000000e-17      
8.81100000e+01      4.17000000e-17      
8.82000000e+01      8.19000000e-18      
8.82600000e+01      1.49000000e-17      
8.82700000e+01      2.16000000e-17      
8.83900000e+01      7.44000000e-18      
8.85000000e+01      3.57000000e-19      
8.85800000e+01      9.23000000e-18      
8.86000000e+01      2.20000000e-17      
8.86300000e+01      1.94000000e-17      
8.86400000e+01      7.52000000e-18      
8.86900000e+01      2.53000000e-17      
8.87000000e+01      1.67000000e-17      
8.88300000e+01      4.84000000e-19      
8.88900000e+01      1.08000000e-17      
8.89200000e+01      9.27000000e-18      
8.90500000e+01      4.17000000e-19      
8.91100000e+01      8.56000000e-18      
8.92200000e+01      1.23000000e-17      
8.93000000e+01      1.90000000e-18      
8.93200000e+01      4.32000000e-19      
8.94000000e+01      9.60000000e-18      
8.95500000e+01      4.39000000e-19      
8.96200000e+01      1.38000000e-17      
8.97200000e+01      3.30000000e-17      
8.98300000e+01      5.17000000e-18      
8.99000000e+01      9.30000000e-18      
8.99300000e+01      1.30000000e-17      
8.99800000e+01      8.93000000e-18      
9.00500000e+01      5.43000000e-19      
9.00800000e+01      1.90000000e-18      
9.01200000e+01      9.68000000e-18      
9.01300000e+01      1.19000000e-17      
9.02300000e+01      5.66000000e-19      
9.02500000e+01      1.34000000e-17      
9.03000000e+01      1.11000000e-17      
9.03600000e+01      1.67000000e-17      
9.04000000e+01      5.81000000e-19      
9.04700000e+01      1.67000000e-17      
9.05000000e+01      1.00000000e-17      
9.07000000e+01      6.18000000e-19      
9.07600000e+01      8.93000000e-18      
9.08000000e+01      7.44000000e-18      
9.09700000e+01      1.15000000e-18      
9.10000000e+01      6.14000000e-19      
9.10600000e+01      1.34000000e-17      
9.10800000e+01      5.58000000e-18      
9.11800000e+01      2.23000000e-18      
9.12000000e+01      7.63000000e-19      
9.12600000e+01      3.57000000e-17      
9.12700000e+01      6.92000000e-17      
9.16000000e+01      1.90000000e-19      
9.16400000e+01      1.97000000e-17      
9.17700000e+01      1.11000000e-17      
9.19200000e+01      1.08000000e-18      
9.19300000e+01      4.21000000e-19      
9.20000000e+01      2.81000000e-17      
9.21300000e+01      9.30000000e-18      
9.22000000e+01      1.30000000e-18      
9.22800000e+01      2.23000000e-17      
9.23000000e+01      1.11000000e-17      
9.25000000e+01      6.48000000e-19      
9.26100000e+01      8.56000000e-18      
9.27000000e+01      4.47000000e-18      
9.27700000e+01      2.61000000e-19      
9.28200000e+01      7.82000000e-19      
9.28700000e+01      3.35000000e-17      
9.29000000e+01      7.37000000e-17      
9.31500000e+01      5.95000000e-19      
9.31900000e+01      4.47000000e-18      
9.32500000e+01      3.72000000e-18      
9.34300000e+01      5.58000000e-20      
9.34500000e+01      5.21000000e-19      
9.35000000e+01      3.65000000e-18      
9.35300000e+01      3.35000000e-18      
9.37000000e+01      5.21000000e-20      
9.37900000e+01      1.08000000e-17      
9.38500000e+01      6.70000000e-17      
9.38800000e+01      9.16000000e-17      
9.39900000e+01      3.01000000e-17      
9.40500000e+01      3.80000000e-19      
9.42500000e+01      1.90000000e-17      
9.45500000e+01      8.20000000e-19      
9.46200000e+01      4.84000000e-18      
9.46700000e+01      5.58000000e-18      
9.47500000e+01      5.58000000e-19      
9.48000000e+01      7.63000000e-20      
9.49200000e+01      6.10000000e-18      
9.50000000e+01      5.77000000e-20      
9.50200000e+01      3.72000000e-19      
9.51200000e+01      4.76000000e-20      
9.52000000e+01      1.04000000e-19      
9.53000000e+01      2.08000000e-19      
9.54000000e+01      7.44000000e-20      
9.54500000e+01      4.17000000e-20      
9.55100000e+01      1.60000000e-17      
9.55500000e+01      1.86000000e-18      
9.57000000e+01      1.08000000e-18      
9.58000000e+01      1.86000000e-17      
9.58200000e+01      4.17000000e-17      
9.58800000e+01      3.01000000e-17      
9.59300000e+01      9.49000000e-20      
9.60000000e+01      2.94000000e-17      
9.60300000e+01      7.07000000e-17      
9.63500000e+01      1.60000000e-19      
9.65000000e+01      1.34000000e-18      
9.65500000e+01      4.84000000e-17      
9.65800000e+01      1.00000000e-16      
9.70000000e+01      5.21000000e-19      
9.72500000e+01      2.51000000e-16      
9.76000000e+01      9.49000000e-20      
9.77000000e+01      6.89000000e-20      
9.78000000e+01      5.47000000e-17      
9.79100000e+01      8.37000000e-17      
9.85700000e+01      1.60000000e-17      
9.87500000e+01      2.98000000e-18      
9.89800000e+01      1.67000000e-19      
9.91500000e+01      7.44000000e-20      
9.91900000e+01      1.79000000e-17      
9.97000000e+01      1.86000000e-19      
1.00000000e+02      3.72000000e-19      
1.00800000e+02      6.00000000e-20      
1.02570000e+02      1.00000000e-21      
1.03190000e+02      7.00000000e-22      
1.03760000e+02      7.00000000e-22      
