OCS (wavelength = nm, xs = cm2/molecule)
wavelength          300K                
6.00000000e-02      3.30000000e-22      
1.10000000e-01      2.80000000e-21      
2.40000000e-01      1.90000000e-20      
5.00000000e-01      1.30000000e-19      
5.20000000e-01      2.50000000e-20      
6.20000000e-01      4.30000000e-20      
1.26000000e+00      3.00000000e-19      
2.26000000e+00      8.50000000e-19      
2.36000000e+00      7.00000000e-19      
2.46000000e+00      7.70000000e-19      
5.03000000e+00      3.80000000e-18      
5.25000000e+00      3.50000000e-18      
6.21000000e+00      5.00000000e-18      
6.75000000e+00      5.80000000e-18      
7.05000000e+00      3.00000000e-18      
7.35000000e+00      1.00000000e-18      
1.21700000e+01      2.80000000e-18      
2.48000000e+01      9.75000000e-20      
2.53000000e+01      8.20000000e-20      
2.58000000e+01      9.20000000e-20      
2.64000000e+01      1.00000000e-19      
2.70000000e+01      1.02000000e-19      
2.76000000e+01      9.38000000e-20      
2.82000000e+01      9.93000000e-20      
2.88000000e+01      9.66000000e-20      
2.95000000e+01      1.10000000e-19      
3.02000000e+01      1.05000000e-19      
3.10000000e+01      1.08000000e-19      
3.18000000e+01      1.12000000e-19      
3.26000000e+01      1.10000000e-19      
3.35000000e+01      1.14000000e-19      
3.44000000e+01      1.20000000e-19      
3.54000000e+01      1.28000000e-19      
3.65000000e+01      1.33000000e-19      
3.76000000e+01      1.43000000e-19      
3.87000000e+01      1.46000000e-19      
4.00000000e+01      1.59000000e-19      
4.13000000e+01      1.67000000e-19      
4.28000000e+01      1.81000000e-19      
4.43000000e+01      1.93000000e-19      
4.59000000e+01      2.05000000e-19      
4.77000000e+01      2.21000000e-19      
4.96000000e+01      2.38000000e-19      
5.17000000e+01      2.49000000e-19      
5.39000000e+01      2.71000000e-19      
5.64000000e+01      2.96000000e-19      
5.90000000e+01      3.17000000e-19      
6.20000000e+01      3.53000000e-19      
6.53000000e+01      4.01000000e-19      
6.54000000e+01      4.00000000e-19      
6.89000000e+01      3.91000000e-19      
7.29000000e+01      3.54000000e-19      
7.75000000e+01      3.03000000e-19      
8.27000000e+01      3.70000000e-19      
8.86000000e+01      5.17000000e-19      
9.07000000e+01      5.00000000e-19      
9.54000000e+01      4.87000000e-19      
1.06000000e+02      2.88000000e-17      
1.07000000e+02      2.90000000e-17      
1.08000000e+02      2.88000000e-17      
1.09000000e+02      2.88000000e-17      
1.10000000e+02      2.52000000e-17      
1.11000000e+02      2.45000000e-17      
1.12000000e+02      2.25000000e-17      
1.13000000e+02      2.20000000e-17      
1.13700000e+02      2.70000000e-17      
1.14000000e+02      1.75000000e-17      
1.14500000e+02      2.55000000e-17      
1.14800000e+02      1.50000000e-17      
1.15000000e+02      2.60000000e-17      
1.15800000e+02      1.70000000e-17      
1.16400000e+02      3.50000000e-17      
1.16800000e+02      1.75000000e-17      
1.17100000e+02      2.35000000e-17      
1.17200000e+02      1.35000000e-17      
1.18000000e+02      1.80000000e-17      
1.18500000e+02      1.35000000e-17      
1.19000000e+02      2.20000000e-17      
1.19200000e+02      1.70000000e-17      
1.20000000e+02      3.15000000e-17      
1.20700000e+02      1.65000000e-17      
1.21000000e+02      2.50000000e-17      
1.21400000e+02      7.50000000e-18      
1.22000000e+02      1.30000000e-17      
1.23000000e+02      1.70000000e-17      
1.24000000e+02      7.00000000e-18      
1.24500000e+02      2.98000000e-18      
1.25000000e+02      3.42000000e-17      
1.25500000e+02      4.84000000e-18      
1.26100000e+02      3.16000000e-17      
1.26700000e+02      6.32000000e-18      
1.27000000e+02      4.65000000e-17      
1.27700000e+02      7.25000000e-18      
1.28400000e+02      2.19000000e-16      
1.29000000e+02      8.18000000e-18      
1.29500000e+02      3.16000000e-16      
1.30600000e+02      6.70000000e-18      
1.30800000e+02      3.35000000e-17      
1.31400000e+02      6.77000000e-18      
1.32200000e+02      3.72000000e-17      
1.32800000e+02      4.84000000e-18      
1.33200000e+02      1.00000000e-16      
1.34200000e+02      4.84000000e-18      
1.34600000e+02      1.23000000e-16      
1.35400000e+02      4.84000000e-18      
1.35900000e+02      1.45000000e-16      
1.36800000e+02      3.53000000e-18      
1.37200000e+02      1.08000000e-16      
1.38000000e+02      1.86000000e-18      
1.38400000e+02      9.30000000e-17      
1.39200000e+02      2.42000000e-18      
1.40000000e+02      3.35000000e-16      
1.40800000e+02      1.75000000e-18      
1.41000000e+02      5.58000000e-17      
1.42000000e+02      2.16000000e-18      
1.43000000e+02      1.23000000e-17      
1.43400000e+02      4.84000000e-18      
1.44000000e+02      2.23000000e-17      
1.45000000e+02      7.63000000e-18      
1.45500000e+02      6.70000000e-17      
1.46500000e+02      2.05000000e-17      
1.47200000e+02      1.38000000e-16      
1.48200000e+02      2.33000000e-17      
1.49000000e+02      2.51000000e-16      
1.50100000e+02      3.35000000e-17      
1.50600000e+02      2.79000000e-16      
1.51200000e+02      4.46000000e-17      
1.52200000e+02      3.53000000e-16      
1.53500000e+02      5.58000000e-17      
1.54600000e+02      3.39000000e-16      
1.55500000e+02      7.44000000e-17      
1.57000000e+02      1.12000000e-16      
1.57500000e+02      6.32000000e-17      
1.60000000e+02      1.86000000e-17      
1.62500000e+02      1.49000000e-17      
1.65000000e+02      2.23000000e-17      
1.67500000e+02      2.79000000e-17      
1.70000000e+02      2.49000000e-17      
1.82000000e+02      7.00000000e-19      
1.82100000e+02      7.00000000e-19      
1.85000000e+02      2.12000000e-20      
1.86000000e+02      1.25000000e-19      
1.87000000e+02      7.02000000e-20      
1.88000000e+02      5.09000000e-20      
1.89000000e+02      2.76000000e-20      
1.90000000e+02      2.35000000e-20      
1.91000000e+02      1.62000000e-20      
1.92000000e+02      1.58000000e-20      
1.93000000e+02      1.49000000e-20      
1.94000000e+02      1.64000000e-20      
1.95000000e+02      1.81000000e-20      
1.96000000e+02      2.10000000e-20      
1.97000000e+02      2.42000000e-20      
1.98000000e+02      2.82000000e-20      
1.99000000e+02      3.30000000e-20      
2.00000000e+02      3.83000000e-20      
2.01000000e+02      4.57000000e-20      
2.02000000e+02      5.15000000e-20      
2.03000000e+02      6.21000000e-20      
2.04000000e+02      7.06000000e-20      
2.05000000e+02      8.02000000e-20      
2.06000000e+02      9.48000000e-20      
2.07000000e+02      1.05000000e-19      
2.08000000e+02      1.21000000e-19      
2.09000000e+02      1.35000000e-19      
2.10000000e+02      1.51000000e-19      
2.11000000e+02      1.70000000e-19      
2.12000000e+02      1.81000000e-19      
2.13000000e+02      2.03000000e-19      
2.14000000e+02      2.22000000e-19      
2.15000000e+02      2.31000000e-19      
2.16000000e+02      2.53000000e-19      
2.17000000e+02      2.72000000e-19      
2.18000000e+02      2.69000000e-19      
2.19000000e+02      2.82000000e-19      
2.20000000e+02      3.02000000e-19      
2.21000000e+02      2.92000000e-19      
2.22000000e+02      2.94000000e-19      
2.23000000e+02      3.05000000e-19      
2.24000000e+02      2.89000000e-19      
2.25000000e+02      2.84000000e-19      
2.26000000e+02      2.79000000e-19      
2.27000000e+02      2.58000000e-19      
2.28000000e+02      2.46000000e-19      
2.29000000e+02      2.34000000e-19      
2.30000000e+02      2.15000000e-19      
2.31000000e+02      1.88000000e-19      
2.32000000e+02      1.76000000e-19      
2.33000000e+02      1.60000000e-19      
2.34000000e+02      1.38000000e-19      
2.35000000e+02      1.20000000e-19      
2.36000000e+02      1.07000000e-19      
2.37000000e+02      9.37000000e-20      
2.38000000e+02      7.96000000e-20      
2.39000000e+02      6.71000000e-20      
2.40000000e+02      5.78000000e-20      
2.41000000e+02      5.00000000e-20      
2.42000000e+02      4.20000000e-20      
2.43000000e+02      3.48000000e-20      
2.44000000e+02      2.88000000e-20      
2.45000000e+02      2.46000000e-20      
2.46000000e+02      2.05000000e-20      
2.47000000e+02      1.69000000e-20      
2.48000000e+02      1.40000000e-20      
2.49000000e+02      1.15000000e-20      
2.50000000e+02      9.74000000e-21      
2.51000000e+02      7.56000000e-21      
2.52000000e+02      6.13000000e-21      
2.53000000e+02      5.01000000e-21      
2.54000000e+02      4.06000000e-21      
2.55000000e+02      3.32000000e-21      
2.56000000e+02      2.71000000e-21      
2.57000000e+02      2.19000000e-21      
2.58000000e+02      1.71000000e-21      
2.59000000e+02      1.36000000e-21      
2.60000000e+02      1.11000000e-21      
2.61000000e+02      9.05000000e-22      
2.62000000e+02      7.30000000e-22      
2.63000000e+02      6.11000000e-22      
2.64000000e+02      4.93000000e-22      
2.65000000e+02      4.03000000e-22      
2.66000000e+02      3.39000000e-22      
2.67000000e+02      2.68000000e-22      
2.68000000e+02      2.14000000e-22      
2.69000000e+02      1.92000000e-22      
2.70000000e+02      1.52000000e-22      
2.71000000e+02      1.16000000e-22      
2.72000000e+02      1.06000000e-22      
2.73000000e+02      9.21000000e-23      
2.74000000e+02      6.30000000e-23      
2.75000000e+02      5.26000000e-23      
2.76000000e+02      5.61000000e-23      
2.77000000e+02      3.96000000e-23      
2.78000000e+02      2.81000000e-23      
2.79000000e+02      2.50000000e-23      
2.80000000e+02      2.38000000e-23      
2.81000000e+02      1.44000000e-23      
2.82000000e+02      1.16000000e-23      
2.83000000e+02      1.31000000e-23      
2.84000000e+02      9.90000000e-24      
2.85000000e+02      6.10000000e-24      
2.86000000e+02      6.20000000e-24      
2.87000000e+02      6.80000000e-24      
2.88000000e+02      4.80000000e-24      
2.89000000e+02      3.40000000e-24      
2.90000000e+02      3.10000000e-24      
2.91000000e+02      3.60000000e-24      
2.92000000e+02      2.40000000e-24      
2.93000000e+02      1.50000000e-24      
2.94000000e+02      1.10000000e-24      
2.95000000e+02      1.50000000e-24      
2.96000000e+02      1.30000000e-24      
3.36900000e+02      1.00000000e-27      
