NO3 + hv => NO + O2
wavelength (nm)   quantum yield
6.0000e-02        0.0000e+00     
1.1000e-01        0.0000e+00     
2.4000e-01        0.0000e+00     
6.2000e-01        0.0000e+00     
1.2600e+00        0.0000e+00     
2.2600e+00        0.0000e+00     
2.3600e+00        0.0000e+00     
2.4600e+00        0.0000e+00     
2.9100e+00        0.0000e+00     
3.0400e+00        0.0000e+00     
6.2100e+00        0.0000e+00     
1.2170e+01        0.0000e+00     
2.4860e+01        0.0000e+00     
6.2580e+01        0.0000e+00     
9.1500e+01        0.0000e+00     
9.4000e+01        0.0000e+00     
1.0800e+02        0.0000e+00     
1.1000e+02        0.0000e+00     
1.1200e+02        0.0000e+00     
1.1400e+02        0.0000e+00     
1.1600e+02        0.0000e+00     
1.1800e+02        0.0000e+00     
1.2000e+02        0.0000e+00     
1.2200e+02        0.0000e+00     
1.2400e+02        0.0000e+00     
1.2600e+02        0.0000e+00     
1.2800e+02        0.0000e+00     
1.3000e+02        0.0000e+00     
1.3200e+02        0.0000e+00     
1.3400e+02        0.0000e+00     
1.3600e+02        0.0000e+00     
1.3800e+02        0.0000e+00     
1.4000e+02        0.0000e+00     
1.4200e+02        0.0000e+00     
1.4400e+02        0.0000e+00     
1.4600e+02        0.0000e+00     
1.4800e+02        0.0000e+00     
1.5000e+02        0.0000e+00     
1.5200e+02        0.0000e+00     
1.5400e+02        0.0000e+00     
1.5600e+02        0.0000e+00     
1.5800e+02        0.0000e+00     
1.6000e+02        0.0000e+00     
1.6500e+02        0.0000e+00     
1.7000e+02        0.0000e+00     
1.7500e+02        0.0000e+00     
1.8000e+02        0.0000e+00     
1.8500e+02        0.0000e+00     
1.9000e+02        0.0000e+00     
1.9500e+02        0.0000e+00     
2.0000e+02        0.0000e+00     
2.0500e+02        0.0000e+00     
2.1000e+02        0.0000e+00     
2.1500e+02        0.0000e+00     
2.2000e+02        0.0000e+00     
2.2500e+02        0.0000e+00     
2.3000e+02        0.0000e+00     
2.3500e+02        0.0000e+00     
2.4000e+02        0.0000e+00     
2.4150e+02        0.0000e+00     
2.4200e+02        0.0000e+00     
2.4450e+02        0.0000e+00     
2.4500e+02        0.0000e+00     
2.4600e+02        0.0000e+00     
2.4750e+02        0.0000e+00     
2.4900e+02        0.0000e+00     
2.5000e+02        0.0000e+00     
2.5300e+02        0.0000e+00     
2.5500e+02        0.0000e+00     
2.6000e+02        0.0000e+00     
2.6500e+02        0.0000e+00     
2.7000e+02        0.0000e+00     
2.7500e+02        0.0000e+00     
2.8000e+02        0.0000e+00     
2.8500e+02        0.0000e+00     
2.9000e+02        0.0000e+00     
2.9500e+02        0.0000e+00     
3.0000e+02        0.0000e+00     
3.0500e+02        0.0000e+00     
3.1000e+02        0.0000e+00     
3.1500e+02        0.0000e+00     
3.2000e+02        0.0000e+00     
3.2500e+02        0.0000e+00     
3.3000e+02        0.0000e+00     
3.3500e+02        0.0000e+00     
3.4000e+02        0.0000e+00     
3.4500e+02        0.0000e+00     
3.5000e+02        0.0000e+00     
3.5500e+02        0.0000e+00     
3.6000e+02        0.0000e+00     
3.6500e+02        0.0000e+00     
3.7000e+02        0.0000e+00     
3.7500e+02        0.0000e+00     
3.8000e+02        0.0000e+00     
3.8500e+02        0.0000e+00     
3.9000e+02        0.0000e+00     
3.9500e+02        0.0000e+00     
3.9800e+02        0.0000e+00     
4.0000e+02        0.0000e+00     
4.0100e+02        0.0000e+00     
4.0200e+02        0.0000e+00     
4.0300e+02        0.0000e+00     
4.0400e+02        0.0000e+00     
4.0500e+02        0.0000e+00     
4.0600e+02        0.0000e+00     
4.0700e+02        0.0000e+00     
4.0800e+02        0.0000e+00     
4.0900e+02        0.0000e+00     
4.1000e+02        0.0000e+00     
4.1100e+02        0.0000e+00     
4.1200e+02        0.0000e+00     
4.1300e+02        0.0000e+00     
4.1400e+02        0.0000e+00     
4.1500e+02        0.0000e+00     
4.1600e+02        0.0000e+00     
4.1700e+02        0.0000e+00     
4.1800e+02        0.0000e+00     
4.1900e+02        0.0000e+00     
4.2000e+02        0.0000e+00     
4.2100e+02        0.0000e+00     
4.2200e+02        0.0000e+00     
4.2300e+02        0.0000e+00     
4.2400e+02        0.0000e+00     
4.2500e+02        0.0000e+00     
4.2600e+02        0.0000e+00     
4.2700e+02        0.0000e+00     
4.2800e+02        0.0000e+00     
4.2900e+02        0.0000e+00     
4.3000e+02        0.0000e+00     
4.3100e+02        0.0000e+00     
4.3200e+02        0.0000e+00     
4.3300e+02        0.0000e+00     
4.3400e+02        0.0000e+00     
4.3500e+02        0.0000e+00     
4.3600e+02        0.0000e+00     
4.3700e+02        0.0000e+00     
4.3800e+02        0.0000e+00     
4.3900e+02        0.0000e+00     
4.4000e+02        0.0000e+00     
4.4100e+02        0.0000e+00     
4.4200e+02        0.0000e+00     
4.4300e+02        0.0000e+00     
4.4400e+02        0.0000e+00     
4.4500e+02        0.0000e+00     
4.4600e+02        0.0000e+00     
4.4700e+02        0.0000e+00     
4.4800e+02        0.0000e+00     
4.4900e+02        0.0000e+00     
4.5000e+02        0.0000e+00     
4.5100e+02        0.0000e+00     
4.5200e+02        0.0000e+00     
4.5300e+02        0.0000e+00     
4.5400e+02        0.0000e+00     
4.5500e+02        0.0000e+00     
4.5600e+02        0.0000e+00     
4.5700e+02        0.0000e+00     
4.5800e+02        0.0000e+00     
4.5900e+02        0.0000e+00     
4.6000e+02        0.0000e+00     
4.6100e+02        0.0000e+00     
4.6200e+02        0.0000e+00     
4.6300e+02        0.0000e+00     
4.6400e+02        0.0000e+00     
4.6500e+02        0.0000e+00     
4.6600e+02        0.0000e+00     
4.6700e+02        0.0000e+00     
4.6800e+02        0.0000e+00     
4.6900e+02        0.0000e+00     
4.7000e+02        0.0000e+00     
4.7100e+02        0.0000e+00     
4.7200e+02        0.0000e+00     
4.7300e+02        0.0000e+00     
4.7400e+02        0.0000e+00     
4.7500e+02        0.0000e+00     
4.7600e+02        0.0000e+00     
4.7700e+02        0.0000e+00     
4.7800e+02        0.0000e+00     
4.7900e+02        0.0000e+00     
4.8000e+02        0.0000e+00     
4.8100e+02        0.0000e+00     
4.8200e+02        0.0000e+00     
4.8300e+02        0.0000e+00     
4.8400e+02        0.0000e+00     
4.8500e+02        0.0000e+00     
4.8600e+02        0.0000e+00     
4.8700e+02        0.0000e+00     
4.8800e+02        0.0000e+00     
4.8900e+02        0.0000e+00     
4.9000e+02        0.0000e+00     
4.9100e+02        0.0000e+00     
4.9200e+02        0.0000e+00     
4.9300e+02        0.0000e+00     
4.9400e+02        0.0000e+00     
4.9500e+02        0.0000e+00     
4.9600e+02        0.0000e+00     
4.9700e+02        0.0000e+00     
4.9800e+02        0.0000e+00     
4.9900e+02        0.0000e+00     
5.0000e+02        0.0000e+00     
5.0100e+02        0.0000e+00     
5.0200e+02        0.0000e+00     
5.0300e+02        0.0000e+00     
5.0400e+02        0.0000e+00     
5.0500e+02        0.0000e+00     
5.0600e+02        0.0000e+00     
5.0700e+02        0.0000e+00     
5.0800e+02        0.0000e+00     
5.0900e+02        0.0000e+00     
5.1000e+02        0.0000e+00     
5.1100e+02        0.0000e+00     
5.1200e+02        0.0000e+00     
5.1300e+02        0.0000e+00     
5.1400e+02        0.0000e+00     
5.1500e+02        0.0000e+00     
5.1600e+02        0.0000e+00     
5.1700e+02        0.0000e+00     
5.1800e+02        0.0000e+00     
5.1900e+02        0.0000e+00     
5.2000e+02        0.0000e+00     
5.2100e+02        0.0000e+00     
5.2200e+02        0.0000e+00     
5.2300e+02        0.0000e+00     
5.2400e+02        0.0000e+00     
5.2500e+02        0.0000e+00     
5.2600e+02        0.0000e+00     
5.2700e+02        0.0000e+00     
5.2800e+02        0.0000e+00     
5.2900e+02        0.0000e+00     
5.3000e+02        0.0000e+00     
5.3100e+02        0.0000e+00     
5.3200e+02        0.0000e+00     
5.3300e+02        0.0000e+00     
5.3400e+02        0.0000e+00     
5.3500e+02        0.0000e+00     
5.3600e+02        0.0000e+00     
5.3700e+02        0.0000e+00     
5.3800e+02        0.0000e+00     
5.3900e+02        0.0000e+00     
5.4000e+02        0.0000e+00     
5.4100e+02        0.0000e+00     
5.4200e+02        0.0000e+00     
5.4300e+02        0.0000e+00     
5.4400e+02        0.0000e+00     
5.4500e+02        0.0000e+00     
5.4600e+02        0.0000e+00     
5.4700e+02        0.0000e+00     
5.4800e+02        0.0000e+00     
5.4900e+02        0.0000e+00     
5.5000e+02        0.0000e+00     
5.5100e+02        0.0000e+00     
5.5200e+02        0.0000e+00     
5.5300e+02        0.0000e+00     
5.5400e+02        0.0000e+00     
5.5500e+02        0.0000e+00     
5.5600e+02        0.0000e+00     
5.5700e+02        0.0000e+00     
5.5800e+02        0.0000e+00     
5.5900e+02        0.0000e+00     
5.6000e+02        0.0000e+00     
5.6100e+02        0.0000e+00     
5.6200e+02        0.0000e+00     
5.6300e+02        0.0000e+00     
5.6400e+02        0.0000e+00     
5.6500e+02        0.0000e+00     
5.6600e+02        0.0000e+00     
5.6700e+02        0.0000e+00     
5.6800e+02        0.0000e+00     
5.6900e+02        0.0000e+00     
5.7000e+02        0.0000e+00     
5.7100e+02        0.0000e+00     
5.7200e+02        0.0000e+00     
5.7300e+02        0.0000e+00     
5.7400e+02        0.0000e+00     
5.7500e+02        0.0000e+00     
5.7600e+02        0.0000e+00     
5.7700e+02        0.0000e+00     
5.7800e+02        0.0000e+00     
5.7900e+02        0.0000e+00     
5.8000e+02        0.0000e+00     
5.8100e+02        1.0000e-01     
5.8200e+02        2.0000e-01     
5.8300e+02        3.0000e-01     
5.8400e+02        4.0000e-01     
5.8500e+02        5.0000e-01     
5.8600e+02        6.0000e-01     
5.8700e+02        7.0115e-01     
5.8800e+02        7.9911e-01     
5.8900e+02        9.0036e-01     
5.9000e+02        1.0000e+00     
5.9100e+02        1.0000e+00     
5.9200e+02        1.0000e+00     
5.9300e+02        1.0000e+00     
5.9400e+02        1.0000e+00     
5.9500e+02        1.0000e+00     
5.9600e+02        1.0000e+00     
5.9700e+02        1.0000e+00     
5.9800e+02        1.0000e+00     
5.9900e+02        1.0000e+00     
6.0000e+02        1.0000e+00     
6.0100e+02        1.0000e+00     
6.0200e+02        1.0000e+00     
6.0300e+02        1.0000e+00     
6.0400e+02        1.0000e+00     
6.0500e+02        1.0000e+00     
6.0600e+02        1.0000e+00     
6.0700e+02        1.0000e+00     
6.0800e+02        1.0000e+00     
6.0900e+02        1.0000e+00     
6.1000e+02        1.0000e+00     
6.1100e+02        1.0000e+00     
6.1200e+02        1.0000e+00     
6.1300e+02        1.0000e+00     
6.1400e+02        1.0000e+00     
6.1500e+02        1.0000e+00     
6.1600e+02        1.0000e+00     
6.1700e+02        1.0000e+00     
6.1800e+02        1.0000e+00     
6.1900e+02        1.0000e+00     
6.2000e+02        1.0000e+00     
6.2100e+02        1.0000e+00     
6.2200e+02        1.0000e+00     
6.2300e+02        1.0000e+00     
6.2400e+02        1.0000e+00     
6.2500e+02        1.0000e+00     
6.2600e+02        1.0000e+00     
6.2700e+02        1.0000e+00     
6.2800e+02        1.0000e+00     
6.2900e+02        1.0000e+00     
6.3000e+02        1.0000e+00     
6.3100e+02        1.0000e+00     
6.3200e+02        1.0000e+00     
6.3300e+02        1.0000e+00     
6.3400e+02        1.0000e+00     
6.3500e+02        1.0000e+00     
6.3600e+02        1.0000e+00     
6.3700e+02        1.0000e+00     
6.3800e+02        1.0000e+00     
6.3900e+02        1.0000e+00     
6.4000e+02        1.0000e+00     
6.4100e+02        1.0000e+00     
6.4200e+02        1.0000e+00     
6.4300e+02        1.0000e+00     
6.4400e+02        1.0000e+00     
6.4500e+02        1.0000e+00     
6.4600e+02        1.0000e+00     
6.4700e+02        1.0000e+00     
6.4800e+02        1.0000e+00     
6.4900e+02        1.0000e+00     
6.5000e+02        1.0000e+00     
6.5100e+02        1.0000e+00     
6.5200e+02        1.0000e+00     
6.5300e+02        1.0000e+00     
6.5400e+02        1.0000e+00     
6.5500e+02        1.0000e+00     
6.5600e+02        1.0000e+00     
6.5700e+02        1.0000e+00     
6.5800e+02        1.0000e+00     
6.5900e+02        1.0000e+00     
6.6000e+02        1.0000e+00     
6.6100e+02        1.0000e+00     
6.6200e+02        1.0000e+00     
6.6300e+02        1.0000e+00     
6.6400e+02        1.0000e+00     
6.6500e+02        1.0000e+00     
6.6600e+02        1.0000e+00     
6.6700e+02        1.0000e+00     
6.6800e+02        1.0000e+00     
6.6900e+02        1.0000e+00     
6.7000e+02        1.0000e+00     
6.7100e+02        1.0000e+00     
6.7200e+02        1.0000e+00     
6.7300e+02        1.0000e+00     
6.7400e+02        1.0000e+00     
6.7500e+02        1.0000e+00     
6.7600e+02        1.0000e+00     
6.7700e+02        1.0000e+00     
6.7800e+02        1.0000e+00     
6.7900e+02        1.0000e+00     
6.8000e+02        1.0000e+00     
6.8100e+02        1.0000e+00     
6.8200e+02        1.0000e+00     
6.8300e+02        1.0000e+00     
6.8400e+02        1.0000e+00     
6.8500e+02        1.0000e+00     
6.8600e+02        1.0000e+00     
6.8700e+02        1.0000e+00     
6.8800e+02        1.0000e+00     
6.8900e+02        1.0000e+00     
6.9000e+02        1.0000e+00     
6.9100e+02        1.0000e+00     
6.9200e+02        1.0000e+00     
6.9300e+02        1.0000e+00     
6.9400e+02        1.0000e+00     
6.9500e+02        1.0000e+00     
6.9600e+02        1.0000e+00     
6.9700e+02        1.0000e+00     
6.9800e+02        1.0000e+00     
6.9900e+02        1.0000e+00     
7.0000e+02        1.0000e+00     
7.0100e+02        1.0000e+00     
7.0200e+02        1.0000e+00     
7.0300e+02        1.0000e+00     
