NO2 (wavelength = nm, xs = cm2/molecule)
wavelength          300K                
6.00000000e-02      3.80000000e-23      
1.10000000e-01      3.70000000e-22      
2.40000000e-01      3.00000000e-21      
6.20000000e-01      4.60000000e-20      
1.26000000e+00      3.40000000e-19      
2.26000000e+00      1.90000000e-18      
2.36000000e+00      4.90000000e-19      
2.46000000e+00      5.40000000e-19      
2.91000000e+00      8.20000000e-19      
3.04000000e+00      1.50000000e-19      
6.21000000e+00      9.00000000e-19      
1.21700000e+01      4.10000000e-18      
2.48600000e+01      1.50000000e-17      
6.25800000e+01      3.90000000e-17      
9.15000000e+01      4.50000000e-17      
9.40000000e+01      3.00000000e-17      
1.08000000e+02      9.35000000e-18      
1.10000000e+02      1.30000000e-17      
1.12000000e+02      1.19000000e-17      
1.14000000e+02      1.12000000e-17      
1.16000000e+02      7.44000000e-18      
1.18000000e+02      7.82000000e-18      
1.20000000e+02      7.06000000e-18      
1.22000000e+02      1.03000000e-17      
1.24000000e+02      1.77000000e-17      
1.26000000e+02      2.98000000e-17      
1.28000000e+02      2.90000000e-17      
1.30000000e+02      1.34000000e-17      
1.32000000e+02      6.32000000e-18      
1.34000000e+02      1.15000000e-17      
1.36000000e+02      8.56000000e-18      
1.38000000e+02      1.03000000e-17      
1.40000000e+02      1.12000000e-17      
1.42000000e+02      1.30000000e-17      
1.44000000e+02      1.90000000e-17      
1.46000000e+02      1.23000000e-17      
1.48000000e+02      1.04000000e-17      
1.50000000e+02      1.08000000e-17      
1.52000000e+02      2.01000000e-17      
1.54000000e+02      1.54000000e-17      
1.56000000e+02      1.50000000e-17      
1.58000000e+02      1.41000000e-17      
1.60000000e+02      1.48000000e-17      
1.65000000e+02      1.57000000e-17      
1.70000000e+02      1.64000000e-17      
1.75000000e+02      1.04000000e-17      
1.80000000e+02      6.32000000e-18      
1.85000000e+02      2.60000000e-19      
1.85130000e+02      2.57000000e-19      
1.85250000e+02      2.71000000e-19      
1.85380000e+02      2.46000000e-19      
1.85500000e+02      2.46000000e-19      
1.85630000e+02      2.72000000e-19      
1.85750000e+02      2.39000000e-19      
1.85880000e+02      2.65000000e-19      
1.86000000e+02      2.69000000e-19      
1.86130000e+02      2.77000000e-19      
1.86250000e+02      2.78000000e-19      
1.86380000e+02      2.34000000e-19      
1.86500000e+02      2.40000000e-19      
1.86630000e+02      2.71000000e-19      
1.86750000e+02      2.75000000e-19      
1.86880000e+02      2.47000000e-19      
1.87000000e+02      2.61000000e-19      
1.87130000e+02      2.62000000e-19      
1.87250000e+02      2.77000000e-19      
1.87380000e+02      2.60000000e-19      
1.87500000e+02      2.83000000e-19      
1.87630000e+02      2.71000000e-19      
1.87750000e+02      2.54000000e-19      
1.87880000e+02      2.79000000e-19      
1.88000000e+02      2.87000000e-19      
1.88130000e+02      2.86000000e-19      
1.88250000e+02      2.73000000e-19      
1.88380000e+02      2.73000000e-19      
1.88500000e+02      2.65000000e-19      
1.88630000e+02      2.79000000e-19      
1.88750000e+02      2.81000000e-19      
1.88880000e+02      2.77000000e-19      
1.89000000e+02      3.01000000e-19      
1.89130000e+02      2.91000000e-19      
1.89250000e+02      3.01000000e-19      
1.89380000e+02      2.93000000e-19      
1.89500000e+02      2.90000000e-19      
1.89630000e+02      2.87000000e-19      
1.89750000e+02      2.93000000e-19      
1.89880000e+02      2.90000000e-19      
1.90000000e+02      2.93000000e-19      
1.90130000e+02      2.77000000e-19      
1.90250000e+02      2.74000000e-19      
1.90380000e+02      2.60000000e-19      
1.90500000e+02      2.55000000e-19      
1.90630000e+02      2.74000000e-19      
1.90750000e+02      2.74000000e-19      
1.90880000e+02      2.79000000e-19      
1.91000000e+02      2.84000000e-19      
1.91130000e+02      2.57000000e-19      
1.91250000e+02      2.85000000e-19      
1.91380000e+02      2.83000000e-19      
1.91500000e+02      2.83000000e-19      
1.91630000e+02      2.76000000e-19      
1.91750000e+02      2.89000000e-19      
1.91880000e+02      2.60000000e-19      
1.92000000e+02      2.71000000e-19      
1.92130000e+02      2.65000000e-19      
1.92250000e+02      2.47000000e-19      
1.92380000e+02      2.71000000e-19      
1.92500000e+02      2.63000000e-19      
1.92630000e+02      2.71000000e-19      
1.92750000e+02      2.56000000e-19      
1.92880000e+02      2.51000000e-19      
1.93000000e+02      2.50000000e-19      
1.93130000e+02      2.46000000e-19      
1.93250000e+02      2.36000000e-19      
1.93380000e+02      2.65000000e-19      
1.93500000e+02      2.46000000e-19      
1.93630000e+02      2.45000000e-19      
1.93750000e+02      2.49000000e-19      
1.93880000e+02      2.14000000e-19      
1.94000000e+02      2.47000000e-19      
1.94130000e+02      2.53000000e-19      
1.94250000e+02      2.53000000e-19      
1.94380000e+02      2.48000000e-19      
1.94500000e+02      2.68000000e-19      
1.94630000e+02      2.75000000e-19      
1.94750000e+02      2.68000000e-19      
1.94880000e+02      2.64000000e-19      
1.95000000e+02      2.42000000e-19      
1.95130000e+02      2.38000000e-19      
1.95250000e+02      2.44000000e-19      
1.95380000e+02      2.46000000e-19      
1.95500000e+02      2.15000000e-19      
1.95630000e+02      2.23000000e-19      
1.95750000e+02      2.19000000e-19      
1.95880000e+02      2.24000000e-19      
1.96000000e+02      2.36000000e-19      
1.96130000e+02      2.35000000e-19      
1.96250000e+02      2.40000000e-19      
1.96380000e+02      2.29000000e-19      
1.96500000e+02      2.56000000e-19      
1.96630000e+02      2.57000000e-19      
1.96750000e+02      2.41000000e-19      
1.96880000e+02      2.49000000e-19      
1.97000000e+02      2.40000000e-19      
1.97130000e+02      2.52000000e-19      
1.97250000e+02      2.46000000e-19      
1.97380000e+02      2.40000000e-19      
1.97500000e+02      2.46000000e-19      
1.97630000e+02      2.61000000e-19      
1.97750000e+02      2.49000000e-19      
1.97880000e+02      2.47000000e-19      
1.98000000e+02      2.46000000e-19      
1.98130000e+02      2.67000000e-19      
1.98250000e+02      2.52000000e-19      
1.98380000e+02      2.49000000e-19      
1.98500000e+02      2.56000000e-19      
1.98630000e+02      2.46000000e-19      
1.98750000e+02      2.51000000e-19      
1.98880000e+02      2.35000000e-19      
1.99000000e+02      2.36000000e-19      
1.99130000e+02      2.41000000e-19      
1.99250000e+02      2.45000000e-19      
1.99380000e+02      2.27000000e-19      
1.99500000e+02      2.49000000e-19      
1.99630000e+02      2.28000000e-19      
1.99750000e+02      2.57000000e-19      
1.99880000e+02      2.50000000e-19      
2.00000000e+02      2.50000000e-19      
2.00130000e+02      2.71000000e-19      
2.00250000e+02      2.70000000e-19      
2.00380000e+02      2.62000000e-19      
2.00500000e+02      2.68000000e-19      
2.00630000e+02      2.85000000e-19      
2.00750000e+02      2.96000000e-19      
2.00880000e+02      2.89000000e-19      
2.01000000e+02      2.88000000e-19      
2.01130000e+02      2.99000000e-19      
2.01250000e+02      2.91000000e-19      
2.01380000e+02      3.01000000e-19      
2.01500000e+02      2.73000000e-19      
2.01630000e+02      2.82000000e-19      
2.01750000e+02      2.90000000e-19      
2.01880000e+02      2.87000000e-19      
2.02000000e+02      2.87000000e-19      
2.02130000e+02      2.58000000e-19      
2.02250000e+02      2.67000000e-19      
2.02380000e+02      2.77000000e-19      
2.02500000e+02      2.77000000e-19      
2.02630000e+02      2.75000000e-19      
2.02750000e+02      2.79000000e-19      
2.02880000e+02      2.91000000e-19      
2.03000000e+02      2.82000000e-19      
2.03130000e+02      2.79000000e-19      
2.03250000e+02      2.91000000e-19      
2.03380000e+02      2.91000000e-19      
2.03500000e+02      3.13000000e-19      
2.03630000e+02      3.20000000e-19      
2.03750000e+02      3.07000000e-19      
2.03880000e+02      3.10000000e-19      
2.04000000e+02      3.43000000e-19      
2.04130000e+02      3.44000000e-19      
2.04250000e+02      3.51000000e-19      
2.04380000e+02      3.45000000e-19      
2.04500000e+02      3.54000000e-19      
2.04630000e+02      3.60000000e-19      
2.04750000e+02      3.63000000e-19      
2.04880000e+02      3.60000000e-19      
2.05000000e+02      3.75000000e-19      
2.05130000e+02      3.64000000e-19      
2.05250000e+02      3.77000000e-19      
2.05380000e+02      3.70000000e-19      
2.05500000e+02      3.47000000e-19      
2.05630000e+02      3.50000000e-19      
2.05750000e+02      3.40000000e-19      
2.05880000e+02      3.33000000e-19      
2.06000000e+02      3.34000000e-19      
2.06130000e+02      3.40000000e-19      
2.06250000e+02      3.45000000e-19      
2.06380000e+02      3.40000000e-19      
2.06500000e+02      3.34000000e-19      
2.06630000e+02      3.39000000e-19      
2.06750000e+02      3.34000000e-19      
2.06880000e+02      3.54000000e-19      
2.07000000e+02      3.43000000e-19      
2.07130000e+02      3.51000000e-19      
2.07250000e+02      3.62000000e-19      
2.07380000e+02      3.65000000e-19      
2.07500000e+02      3.80000000e-19      
2.07630000e+02      3.89000000e-19      
2.07750000e+02      3.88000000e-19      
2.07880000e+02      4.09000000e-19      
2.08000000e+02      4.22000000e-19      
2.08130000e+02      4.54000000e-19      
2.08250000e+02      4.40000000e-19      
2.08380000e+02      4.50000000e-19      
2.08500000e+02      4.51000000e-19      
2.08630000e+02      4.42000000e-19      
2.08750000e+02      4.33000000e-19      
2.08880000e+02      4.30000000e-19      
2.09000000e+02      4.27000000e-19      
2.09130000e+02      4.27000000e-19      
2.09250000e+02      4.25000000e-19      
2.09380000e+02      4.15000000e-19      
2.09500000e+02      4.10000000e-19      
2.09630000e+02      3.92000000e-19      
2.09750000e+02      4.00000000e-19      
2.09880000e+02      4.04000000e-19      
2.10000000e+02      3.85000000e-19      
2.10130000e+02      3.79000000e-19      
2.10250000e+02      3.70000000e-19      
2.10380000e+02      3.67000000e-19      
2.10500000e+02      3.74000000e-19      
2.10630000e+02      3.79000000e-19      
2.10750000e+02      3.78000000e-19      
2.10880000e+02      3.79000000e-19      
2.11000000e+02      3.94000000e-19      
2.11130000e+02      4.06000000e-19      
2.11250000e+02      4.04000000e-19      
2.11380000e+02      4.13000000e-19      
2.11500000e+02      4.25000000e-19      
2.11630000e+02      4.43000000e-19      
2.11750000e+02      4.43000000e-19      
2.11880000e+02      4.55000000e-19      
2.12000000e+02      4.59000000e-19      
2.12130000e+02      4.65000000e-19      
2.12250000e+02      4.71000000e-19      
2.12380000e+02      4.78000000e-19      
2.12500000e+02      4.88000000e-19      
2.12630000e+02      5.01000000e-19      
2.12750000e+02      5.07000000e-19      
2.12880000e+02      5.00000000e-19      
2.13000000e+02      4.91000000e-19      
2.13130000e+02      4.77000000e-19      
2.13250000e+02      4.62000000e-19      
2.13380000e+02      4.57000000e-19      
2.13500000e+02      4.55000000e-19      
2.13630000e+02      4.55000000e-19      
2.13750000e+02      4.51000000e-19      
2.13880000e+02      4.38000000e-19      
2.14000000e+02      4.26000000e-19      
2.14130000e+02      4.28000000e-19      
2.14250000e+02      4.18000000e-19      
2.14380000e+02      4.21000000e-19      
2.14500000e+02      4.22000000e-19      
2.14630000e+02      4.30000000e-19      
2.14750000e+02      4.26000000e-19      
2.14880000e+02      4.25000000e-19      
2.15000000e+02      4.02000000e-19      
2.15130000e+02      3.97000000e-19      
2.15250000e+02      4.11000000e-19      
2.15380000e+02      3.97000000e-19      
2.15500000e+02      3.99000000e-19      
2.15630000e+02      4.13000000e-19      
2.15750000e+02      4.25000000e-19      
2.15880000e+02      4.54000000e-19      
2.16000000e+02      4.64000000e-19      
2.16130000e+02      4.76000000e-19      
2.16250000e+02      4.79000000e-19      
2.16380000e+02      4.86000000e-19      
2.16500000e+02      4.84000000e-19      
2.16630000e+02      4.87000000e-19      
2.16750000e+02      4.98000000e-19      
2.16880000e+02      4.98000000e-19      
2.17000000e+02      4.99000000e-19      
2.17130000e+02      5.00000000e-19      
2.17250000e+02      4.95000000e-19      
2.17380000e+02      4.84000000e-19      
2.17500000e+02      4.71000000e-19      
2.17630000e+02      4.71000000e-19      
2.17750000e+02      4.54000000e-19      
2.17880000e+02      4.45000000e-19      
2.18000000e+02      4.37000000e-19      
2.18130000e+02      4.17000000e-19      
2.18250000e+02      4.21000000e-19      
2.18380000e+02      4.20000000e-19      
2.18500000e+02      4.16000000e-19      
2.18630000e+02      4.27000000e-19      
2.18750000e+02      4.18000000e-19      
2.18880000e+02      4.16000000e-19      
2.19000000e+02      3.92000000e-19      
2.19130000e+02      3.85000000e-19      
2.19250000e+02      3.89000000e-19      
2.19380000e+02      3.79000000e-19      
2.19500000e+02      3.70000000e-19      
2.19630000e+02      3.78000000e-19      
2.19750000e+02      3.82000000e-19      
2.19880000e+02      3.91000000e-19      
2.20000000e+02      3.96000000e-19      
2.20130000e+02      4.09000000e-19      
2.20250000e+02      4.03000000e-19      
2.20380000e+02      4.18000000e-19      
2.20500000e+02      4.33000000e-19      
2.20630000e+02      4.56000000e-19      
2.20750000e+02      4.66000000e-19      
2.20880000e+02      4.83000000e-19      
2.21000000e+02      4.88000000e-19      
2.21130000e+02      4.87000000e-19      
2.21250000e+02      4.85000000e-19      
2.21380000e+02      4.79000000e-19      
2.21500000e+02      4.88000000e-19      
2.21630000e+02      4.85000000e-19      
2.21750000e+02      4.73000000e-19      
2.21880000e+02      4.79000000e-19      
2.22000000e+02      4.66000000e-19      
2.22130000e+02      4.55000000e-19      
2.22250000e+02      4.53000000e-19      
2.22380000e+02      4.27000000e-19      
2.22500000e+02      4.11000000e-19      
2.22630000e+02      4.17000000e-19      
2.22750000e+02      4.04000000e-19      
2.22880000e+02      3.92000000e-19      
2.23000000e+02      3.75000000e-19      
2.23130000e+02      3.56000000e-19      
2.23250000e+02      3.56000000e-19      
2.23380000e+02      3.50000000e-19      
2.23500000e+02      3.50000000e-19      
2.23630000e+02      3.42000000e-19      
2.23750000e+02      3.48000000e-19      
2.23880000e+02      3.47000000e-19      
2.24000000e+02      3.50000000e-19      
2.24130000e+02      3.58000000e-19      
2.24250000e+02      3.63000000e-19      
2.24380000e+02      3.62000000e-19      
2.24500000e+02      3.37000000e-19      
2.24630000e+02      3.41000000e-19      
2.24750000e+02      3.23000000e-19      
2.24880000e+02      3.26000000e-19      
2.25000000e+02      3.24000000e-19      
2.25130000e+02      3.16000000e-19      
2.25250000e+02      3.26000000e-19      
2.25380000e+02      3.43000000e-19      
2.25500000e+02      3.60000000e-19      
2.25630000e+02      3.74000000e-19      
2.25750000e+02      4.06000000e-19      
2.25880000e+02      4.21000000e-19      
2.26000000e+02      4.46000000e-19      
2.26130000e+02      4.67000000e-19      
2.26250000e+02      4.75000000e-19      
2.26380000e+02      4.65000000e-19      
2.26500000e+02      4.57000000e-19      
2.26630000e+02      4.38000000e-19      
2.26750000e+02      4.18000000e-19      
2.26880000e+02      3.95000000e-19      
2.27000000e+02      3.68000000e-19      
2.27130000e+02      3.51000000e-19      
2.27250000e+02      3.36000000e-19      
2.27380000e+02      3.15000000e-19      
2.27500000e+02      3.05000000e-19      
2.27630000e+02      2.81000000e-19      
2.27750000e+02      2.83000000e-19      
2.27880000e+02      2.86000000e-19      
2.28000000e+02      2.94000000e-19      
2.28130000e+02      2.90000000e-19      
2.28250000e+02      2.80000000e-19      
2.28380000e+02      2.98000000e-19      
2.28500000e+02      2.93000000e-19      
2.28630000e+02      2.86000000e-19      
2.28750000e+02      2.71000000e-19      
2.28880000e+02      2.73000000e-19      
2.29000000e+02      2.57000000e-19      
2.29130000e+02      2.50000000e-19      
2.29250000e+02      2.39000000e-19      
2.29380000e+02      2.26000000e-19      
2.29500000e+02      2.20000000e-19      
2.29630000e+02      2.20000000e-19      
2.29750000e+02      2.23000000e-19      
2.29880000e+02      2.24000000e-19      
2.30000000e+02      2.43000000e-19      
2.30130000e+02      2.47000000e-19      
2.30250000e+02      2.59000000e-19      
2.30380000e+02      2.69000000e-19      
2.30500000e+02      2.63000000e-19      
2.30630000e+02      2.81000000e-19      
2.30750000e+02      2.90000000e-19      
2.30880000e+02      2.92000000e-19      
2.31000000e+02      3.09000000e-19      
2.31130000e+02      3.05000000e-19      
2.31250000e+02      3.06000000e-19      
2.31380000e+02      3.01000000e-19      
2.31500000e+02      2.93000000e-19      
2.31630000e+02      2.81000000e-19      
2.31750000e+02      2.80000000e-19      
2.31880000e+02      2.65000000e-19      
2.32000000e+02      2.66000000e-19      
2.32130000e+02      2.57000000e-19      
2.32250000e+02      2.59000000e-19      
2.32380000e+02      2.67000000e-19      
2.32500000e+02      2.79000000e-19      
2.32630000e+02      2.77000000e-19      
2.32750000e+02      2.69000000e-19      
2.32880000e+02      2.57000000e-19      
2.33000000e+02      2.39000000e-19      
2.33130000e+02      2.27000000e-19      
2.33250000e+02      2.11000000e-19      
2.33380000e+02      1.91000000e-19      
2.33500000e+02      1.74000000e-19      
2.33630000e+02      1.59000000e-19      
2.33750000e+02      1.43000000e-19      
2.33880000e+02      1.37000000e-19      
2.34000000e+02      1.32000000e-19      
2.34130000e+02      1.29000000e-19      
2.34250000e+02      1.29000000e-19      
2.34380000e+02      1.26000000e-19      
2.34500000e+02      1.15000000e-19      
2.34630000e+02      1.04000000e-19      
2.34750000e+02      1.07000000e-19      
2.34880000e+02      1.26000000e-19      
2.35000000e+02      1.48000000e-19      
2.35130000e+02      1.52000000e-19      
2.35250000e+02      1.84000000e-19      
2.35380000e+02      2.08000000e-19      
2.35500000e+02      2.06000000e-19      
2.35630000e+02      1.93000000e-19      
2.35750000e+02      1.66000000e-19      
2.35880000e+02      1.56000000e-19      
2.36000000e+02      1.40000000e-19      
2.36130000e+02      1.31000000e-19      
2.36250000e+02      1.38000000e-19      
2.36380000e+02      1.47000000e-19      
2.36500000e+02      1.58000000e-19      
2.36630000e+02      1.56000000e-19      
2.36750000e+02      1.52000000e-19      
2.36880000e+02      1.48000000e-19      
2.37000000e+02      1.49000000e-19      
2.37130000e+02      1.54000000e-19      
2.37250000e+02      1.59000000e-19      
2.37380000e+02      1.70000000e-19      
2.37500000e+02      1.79000000e-19      
2.37630000e+02      1.81000000e-19      
2.37750000e+02      1.71000000e-19      
2.37880000e+02      1.59000000e-19      
2.38000000e+02      1.44000000e-19      
2.38130000e+02      1.27000000e-19      
2.38250000e+02      1.15000000e-19      
2.38380000e+02      1.06000000e-19      
2.38500000e+02      9.12000000e-20      
2.38630000e+02      8.81000000e-20      
2.38750000e+02      7.73000000e-20      
2.38880000e+02      7.06000000e-20      
2.39000000e+02      8.41000000e-20      
2.39130000e+02      1.14000000e-19      
2.39250000e+02      1.21000000e-19      
2.39380000e+02      1.21000000e-19      
2.39500000e+02      1.05000000e-19      
2.39630000e+02      9.71000000e-20      
2.39750000e+02      8.78000000e-20      
2.39880000e+02      7.48000000e-20      
2.40000000e+02      6.70000000e-20      
2.40130000e+02      5.51000000e-20      
2.40250000e+02      5.76000000e-20      
2.40380000e+02      4.73000000e-20      
2.40500000e+02      3.72000000e-20      
2.40630000e+02      2.60000000e-20      
2.40750000e+02      3.01000000e-20      
2.40880000e+02      2.68000000e-20      
2.41000000e+02      2.64000000e-20      
2.41130000e+02      1.93000000e-20      
2.41250000e+02      1.41000000e-20      
2.41380000e+02      2.53000000e-20      
2.41500000e+02      1.37000000e-20      
2.41630000e+02      2.98000000e-20      
2.41750000e+02      2.64000000e-20      
2.41880000e+02      4.06000000e-20      
2.42000000e+02      7.44000000e-20      
2.42130000e+02      1.16000000e-19      
2.42250000e+02      1.41000000e-19      
2.42380000e+02      1.45000000e-19      
2.42500000e+02      1.20000000e-19      
2.42630000e+02      1.06000000e-19      
2.42750000e+02      8.33000000e-20      
2.42880000e+02      6.77000000e-20      
2.43000000e+02      6.18000000e-20      
2.43130000e+02      6.29000000e-20      
2.43250000e+02      6.70000000e-20      
2.43380000e+02      5.40000000e-20      
2.43500000e+02      4.95000000e-20      
2.43630000e+02      3.83000000e-20      
2.43750000e+02      3.72000000e-20      
2.43880000e+02      3.16000000e-20      
2.44000000e+02      2.57000000e-20      
2.44130000e+02      2.20000000e-20      
2.44250000e+02      2.57000000e-20      
2.44380000e+02      2.35000000e-20      
2.44500000e+02      1.79000000e-20      
2.44630000e+02      2.42000000e-20      
2.44750000e+02      3.83000000e-20      
2.44880000e+02      5.09000000e-20      
2.45000000e+02      4.35000000e-20      
2.45130000e+02      3.79000000e-20      
2.45250000e+02      2.64000000e-20      
2.45380000e+02      3.12000000e-20      
2.45500000e+02      2.20000000e-20      
2.45630000e+02      1.71000000e-20      
2.45750000e+02      2.04000000e-20      
2.45880000e+02      2.60000000e-20      
2.46000000e+02      4.35000000e-20      
2.46130000e+02      4.06000000e-20      
2.46250000e+02      3.27000000e-20      
2.46380000e+02      2.87000000e-20      
2.46500000e+02      3.05000000e-20      
2.46630000e+02      2.20000000e-20      
2.46750000e+02      1.86000000e-20      
2.46880000e+02      2.01000000e-20      
2.47000000e+02      1.82000000e-20      
2.47130000e+02      1.60000000e-20      
2.47250000e+02      1.26000000e-20      
2.47380000e+02      1.48000000e-20      
2.47500000e+02      1.86000000e-20      
2.47630000e+02      1.45000000e-20      
2.47750000e+02      1.19000000e-20      
2.47880000e+02      9.71000000e-21      
2.48000000e+02      7.82000000e-21      
2.48130000e+02      1.01000000e-20      
2.48250000e+02      1.45000000e-20      
2.48380000e+02      1.01000000e-20      
2.48500000e+02      1.45000000e-20      
2.48630000e+02      1.41000000e-20      
2.48750000e+02      1.45000000e-20      
2.48880000e+02      8.56000000e-21      
2.49000000e+02      1.37000000e-20      
2.49130000e+02      3.90000000e-20      
2.49250000e+02      6.73000000e-20      
2.49380000e+02      5.65000000e-20      
2.49500000e+02      4.06000000e-20      
2.49630000e+02      3.50000000e-20      
2.49750000e+02      2.98000000e-20      
2.49880000e+02      1.64000000e-20      
2.50000000e+02      2.83000000e-20      
2.50130000e+02      1.41000000e-20      
2.50250000e+02      1.86000000e-20      
2.50380000e+02      1.64000000e-20      
2.50500000e+02      1.48000000e-20      
2.50630000e+02      1.41000000e-20      
2.50750000e+02      1.23000000e-20      
2.50880000e+02      1.41000000e-20      
2.51000000e+02      1.37000000e-20      
2.51130000e+02      1.15000000e-20      
2.51250000e+02      1.26000000e-20      
2.51380000e+02      1.48000000e-20      
2.51500000e+02      1.12000000e-20      
2.51630000e+02      7.06000000e-21      
2.51750000e+02      1.30000000e-20      
2.51880000e+02      1.37000000e-20      
2.52000000e+02      8.92000000e-21      
2.52130000e+02      8.56000000e-21      
2.52250000e+02      1.23000000e-20      
2.52380000e+02      1.57000000e-20      
2.52500000e+02      1.57000000e-20      
2.52630000e+02      1.64000000e-20      
2.52750000e+02      1.23000000e-20      
2.52880000e+02      1.75000000e-20      
2.53000000e+02      2.20000000e-20      
2.53130000e+02      1.19000000e-20      
2.53250000e+02      1.34000000e-20      
2.53380000e+02      1.45000000e-20      
2.53500000e+02      1.41000000e-20      
2.53630000e+02      6.70000000e-21      
2.53750000e+02      1.45000000e-20      
2.53880000e+02      2.01000000e-20      
2.54000000e+02      2.08000000e-20      
2.54130000e+02      1.48000000e-20      
2.54250000e+02      1.75000000e-20      
2.54380000e+02      1.04000000e-20      
2.54500000e+02      1.45000000e-20      
2.54630000e+02      1.57000000e-20      
2.54750000e+02      2.08000000e-20      
2.54880000e+02      1.30000000e-20      
2.55000000e+02      1.45000000e-20      
2.55130000e+02      8.92000000e-21      
2.55250000e+02      1.68000000e-20      
2.55380000e+02      1.48000000e-20      
2.55500000e+02      1.71000000e-20      
2.55630000e+02      1.19000000e-20      
2.55750000e+02      1.41000000e-20      
2.55880000e+02      1.52000000e-20      
2.56000000e+02      1.08000000e-20      
2.56130000e+02      2.08000000e-20      
2.56250000e+02      1.75000000e-20      
2.56380000e+02      1.48000000e-20      
2.56500000e+02      2.04000000e-20      
2.56630000e+02      1.57000000e-20      
2.56750000e+02      9.71000000e-21      
2.56880000e+02      1.08000000e-20      
2.57000000e+02      1.34000000e-20      
2.57130000e+02      1.30000000e-20      
2.57250000e+02      1.79000000e-20      
2.57380000e+02      1.41000000e-20      
2.57500000e+02      1.01000000e-20      
2.57630000e+02      1.15000000e-20      
2.57750000e+02      1.52000000e-20      
2.57880000e+02      1.71000000e-20      
2.58000000e+02      1.64000000e-20      
2.58130000e+02      1.79000000e-20      
2.58250000e+02      1.57000000e-20      
2.58380000e+02      1.48000000e-20      
2.58500000e+02      2.15000000e-20      
2.58630000e+02      1.57000000e-20      
2.58750000e+02      2.35000000e-20      
2.58880000e+02      1.12000000e-20      
2.59000000e+02      1.90000000e-20      
2.59130000e+02      1.75000000e-20      
2.59250000e+02      1.41000000e-20      
2.59380000e+02      2.08000000e-20      
2.59500000e+02      1.37000000e-20      
2.59630000e+02      2.27000000e-20      
2.59750000e+02      2.04000000e-20      
2.59880000e+02      1.75000000e-20      
2.60000000e+02      1.90000000e-20      
2.60130000e+02      1.71000000e-20      
2.60250000e+02      1.90000000e-20      
2.60380000e+02      1.41000000e-20      
2.60500000e+02      1.52000000e-20      
2.60630000e+02      1.60000000e-20      
2.60750000e+02      1.71000000e-20      
2.60880000e+02      1.93000000e-20      
2.61000000e+02      1.64000000e-20      
2.61130000e+02      1.52000000e-20      
2.61250000e+02      1.41000000e-20      
2.61380000e+02      1.52000000e-20      
2.61500000e+02      1.97000000e-20      
2.61630000e+02      1.57000000e-20      
2.61750000e+02      1.45000000e-20      
2.61880000e+02      2.01000000e-20      
2.62000000e+02      2.04000000e-20      
2.62130000e+02      1.79000000e-20      
2.62250000e+02      1.97000000e-20      
2.62380000e+02      2.01000000e-20      
2.62500000e+02      1.68000000e-20      
2.62630000e+02      2.12000000e-20      
2.62750000e+02      1.68000000e-20      
2.62880000e+02      2.01000000e-20      
2.63000000e+02      2.24000000e-20      
2.63130000e+02      2.42000000e-20      
2.63250000e+02      2.35000000e-20      
2.63380000e+02      2.04000000e-20      
2.63500000e+02      1.86000000e-20      
2.63630000e+02      2.04000000e-20      
2.63750000e+02      1.75000000e-20      
2.63880000e+02      1.93000000e-20      
2.64000000e+02      2.08000000e-20      
2.64130000e+02      2.12000000e-20      
2.64250000e+02      1.82000000e-20      
2.64380000e+02      2.38000000e-20      
2.64500000e+02      1.82000000e-20      
2.64630000e+02      2.57000000e-20      
2.64750000e+02      2.27000000e-20      
2.64880000e+02      2.35000000e-20      
2.65000000e+02      2.04000000e-20      
2.65130000e+02      2.46000000e-20      
2.65250000e+02      2.68000000e-20      
2.65380000e+02      2.46000000e-20      
2.65500000e+02      2.49000000e-20      
2.65630000e+02      2.24000000e-20      
2.65750000e+02      2.35000000e-20      
2.65880000e+02      2.27000000e-20      
2.66000000e+02      2.38000000e-20      
2.66130000e+02      2.15000000e-20      
2.66250000e+02      1.86000000e-20      
2.66380000e+02      2.08000000e-20      
2.66500000e+02      2.24000000e-20      
2.66630000e+02      1.97000000e-20      
2.66750000e+02      2.20000000e-20      
2.66880000e+02      2.57000000e-20      
2.67000000e+02      2.42000000e-20      
2.67130000e+02      2.53000000e-20      
2.67250000e+02      2.49000000e-20      
2.67380000e+02      2.79000000e-20      
2.67500000e+02      2.42000000e-20      
2.67630000e+02      2.38000000e-20      
2.67750000e+02      2.53000000e-20      
2.67880000e+02      2.49000000e-20      
2.68000000e+02      2.38000000e-20      
2.68130000e+02      2.35000000e-20      
2.68250000e+02      2.64000000e-20      
2.68380000e+02      2.79000000e-20      
2.68500000e+02      2.79000000e-20      
2.68630000e+02      2.79000000e-20      
2.68750000e+02      2.87000000e-20      
2.68880000e+02      2.68000000e-20      
2.69000000e+02      2.79000000e-20      
2.69130000e+02      3.12000000e-20      
2.69250000e+02      3.01000000e-20      
2.69380000e+02      2.98000000e-20      
2.69500000e+02      2.87000000e-20      
2.69630000e+02      2.98000000e-20      
2.69750000e+02      2.90000000e-20      
2.69880000e+02      3.05000000e-20      
2.70000000e+02      3.12000000e-20      
2.70130000e+02      3.12000000e-20      
2.70250000e+02      2.98000000e-20      
2.70380000e+02      3.16000000e-20      
2.70500000e+02      2.98000000e-20      
2.70630000e+02      3.05000000e-20      
2.70750000e+02      2.98000000e-20      
2.70880000e+02      2.71000000e-20      
2.71000000e+02      3.05000000e-20      
2.71130000e+02      3.16000000e-20      
2.71250000e+02      3.12000000e-20      
2.71380000e+02      2.83000000e-20      
2.71500000e+02      2.83000000e-20      
2.71630000e+02      2.90000000e-20      
2.71750000e+02      2.90000000e-20      
2.71880000e+02      3.01000000e-20      
2.72000000e+02      3.09000000e-20      
2.72130000e+02      3.16000000e-20      
2.72250000e+02      2.94000000e-20      
2.72380000e+02      3.43000000e-20      
2.72500000e+02      3.20000000e-20      
2.72630000e+02      3.31000000e-20      
2.72750000e+02      3.31000000e-20      
2.72880000e+02      3.72000000e-20      
2.73000000e+02      3.79000000e-20      
2.73130000e+02      3.68000000e-20      
2.73250000e+02      3.65000000e-20      
2.73380000e+02      3.79000000e-20      
2.73500000e+02      3.72000000e-20      
2.73630000e+02      3.65000000e-20      
2.73750000e+02      3.79000000e-20      
2.73880000e+02      3.90000000e-20      
2.74000000e+02      3.65000000e-20      
2.74130000e+02      3.90000000e-20      
2.74250000e+02      4.01000000e-20      
2.74380000e+02      4.01000000e-20      
2.74500000e+02      3.83000000e-20      
2.74630000e+02      4.01000000e-20      
2.74750000e+02      3.83000000e-20      
2.74880000e+02      4.21000000e-20      
2.75000000e+02      4.01000000e-20      
2.75130000e+02      4.06000000e-20      
2.75250000e+02      4.06000000e-20      
2.75380000e+02      4.01000000e-20      
2.75500000e+02      4.13000000e-20      
2.75630000e+02      4.10000000e-20      
2.75750000e+02      3.98000000e-20      
2.75880000e+02      3.94000000e-20      
2.76000000e+02      3.94000000e-20      
2.76130000e+02      3.98000000e-20      
2.76250000e+02      4.13000000e-20      
2.76380000e+02      4.10000000e-20      
2.76500000e+02      4.17000000e-20      
2.76630000e+02      4.24000000e-20      
2.76750000e+02      4.10000000e-20      
2.76880000e+02      4.43000000e-20      
2.77000000e+02      4.24000000e-20      
2.77130000e+02      4.28000000e-20      
2.77250000e+02      4.21000000e-20      
2.77380000e+02      4.43000000e-20      
2.77500000e+02      4.28000000e-20      
2.77630000e+02      4.28000000e-20      
2.77750000e+02      4.57000000e-20      
2.77880000e+02      4.46000000e-20      
2.78000000e+02      4.80000000e-20      
2.78130000e+02      4.69000000e-20      
2.78250000e+02      4.87000000e-20      
2.78380000e+02      4.61000000e-20      
2.78500000e+02      4.87000000e-20      
2.78630000e+02      4.80000000e-20      
2.78750000e+02      4.76000000e-20      
2.78880000e+02      5.20000000e-20      
2.79000000e+02      5.02000000e-20      
2.79130000e+02      4.91000000e-20      
2.79250000e+02      5.24000000e-20      
2.79380000e+02      5.51000000e-20      
2.79500000e+02      5.58000000e-20      
2.79630000e+02      5.47000000e-20      
2.79750000e+02      5.76000000e-20      
2.79880000e+02      5.51000000e-20      
2.80000000e+02      5.54000000e-20      
2.80130000e+02      5.24000000e-20      
2.80250000e+02      5.54000000e-20      
2.80380000e+02      5.29000000e-20      
2.80500000e+02      5.32000000e-20      
2.80630000e+02      5.47000000e-20      
2.80750000e+02      5.29000000e-20      
2.80880000e+02      5.36000000e-20      
2.81000000e+02      5.58000000e-20      
2.81130000e+02      5.51000000e-20      
2.81250000e+02      5.65000000e-20      
2.81380000e+02      5.65000000e-20      
2.81500000e+02      5.92000000e-20      
2.81630000e+02      5.76000000e-20      
2.81750000e+02      5.65000000e-20      
2.81880000e+02      5.47000000e-20      
2.82000000e+02      5.36000000e-20      
2.82130000e+02      5.24000000e-20      
2.82250000e+02      5.54000000e-20      
2.82380000e+02      5.47000000e-20      
2.82500000e+02      5.32000000e-20      
2.82630000e+02      5.32000000e-20      
2.82750000e+02      5.54000000e-20      
2.82880000e+02      5.40000000e-20      
2.83000000e+02      5.58000000e-20      
2.83130000e+02      5.73000000e-20      
2.83250000e+02      5.96000000e-20      
2.83380000e+02      5.96000000e-20      
2.83500000e+02      6.14000000e-20      
2.83630000e+02      6.40000000e-20      
2.83750000e+02      6.21000000e-20      
2.83880000e+02      7.59000000e-20      
2.84000000e+02      6.25000000e-20      
2.84130000e+02      6.59000000e-20      
2.84250000e+02      6.55000000e-20      
2.84380000e+02      6.73000000e-20      
2.84500000e+02      6.77000000e-20      
2.84630000e+02      6.81000000e-20      
2.84750000e+02      6.88000000e-20      
2.84880000e+02      6.99000000e-20      
2.85000000e+02      6.99000000e-20      
2.85130000e+02      6.92000000e-20      
2.85250000e+02      7.22000000e-20      
2.85380000e+02      7.10000000e-20      
2.85500000e+02      7.26000000e-20      
2.85630000e+02      7.33000000e-20      
2.85750000e+02      7.26000000e-20      
2.85880000e+02      7.48000000e-20      
2.86000000e+02      7.29000000e-20      
2.86130000e+02      7.62000000e-20      
2.86250000e+02      7.62000000e-20      
2.86380000e+02      7.66000000e-20      
2.86500000e+02      7.51000000e-20      
2.86630000e+02      7.37000000e-20      
2.86750000e+02      7.44000000e-20      
2.86880000e+02      7.33000000e-20      
2.87000000e+02      7.37000000e-20      
2.87130000e+02      7.18000000e-20      
2.87250000e+02      7.18000000e-20      
2.87380000e+02      7.48000000e-20      
2.87500000e+02      7.37000000e-20      
2.87630000e+02      7.37000000e-20      
2.87750000e+02      7.26000000e-20      
2.87880000e+02      7.44000000e-20      
2.88000000e+02      7.66000000e-20      
2.88130000e+02      7.62000000e-20      
2.88250000e+02      7.48000000e-20      
2.88380000e+02      7.51000000e-20      
2.88500000e+02      7.55000000e-20      
2.88630000e+02      7.59000000e-20      
2.88750000e+02      7.70000000e-20      
2.88880000e+02      7.82000000e-20      
2.89000000e+02      7.89000000e-20      
2.89130000e+02      8.11000000e-20      
2.89250000e+02      8.04000000e-20      
2.89380000e+02      8.11000000e-20      
2.89500000e+02      8.29000000e-20      
2.89630000e+02      8.26000000e-20      
2.89750000e+02      8.22000000e-20      
2.89880000e+02      8.56000000e-20      
2.90000000e+02      8.18000000e-20      
2.90130000e+02      7.93000000e-20      
2.90250000e+02      8.07000000e-20      
2.90380000e+02      8.07000000e-20      
2.90500000e+02      8.00000000e-20      
2.90630000e+02      9.12000000e-20      
2.90750000e+02      9.25000000e-20      
2.90880000e+02      7.82000000e-20      
2.91000000e+02      9.90000000e-20      
2.91130000e+02      8.81000000e-20      
2.91250000e+02      1.04000000e-19      
2.91380000e+02      9.44000000e-20      
2.91500000e+02      1.05000000e-19      
2.91630000e+02      1.11000000e-19      
2.91750000e+02      1.06000000e-19      
2.91880000e+02      1.04000000e-19      
2.92000000e+02      9.35000000e-20      
2.92130000e+02      9.99000000e-20      
2.92250000e+02      9.35000000e-20      
2.92380000e+02      9.35000000e-20      
2.92500000e+02      1.05000000e-19      
2.92630000e+02      9.99000000e-20      
2.92750000e+02      9.04000000e-20      
2.92880000e+02      1.05000000e-19      
2.93000000e+02      9.71000000e-20      
2.93130000e+02      1.06000000e-19      
2.93250000e+02      9.80000000e-20      
2.93380000e+02      9.25000000e-20      
2.93500000e+02      8.70000000e-20      
2.93630000e+02      8.67000000e-20      
2.93750000e+02      9.15000000e-20      
2.93880000e+02      9.62000000e-20      
2.94000000e+02      9.53000000e-20      
2.94130000e+02      8.85000000e-20      
2.94250000e+02      9.71000000e-20      
2.94380000e+02      9.35000000e-20      
2.94500000e+02      9.71000000e-20      
2.94630000e+02      9.71000000e-20      
2.94750000e+02      9.90000000e-20      
2.94880000e+02      9.71000000e-20      
2.95000000e+02      9.71000000e-20      
2.95130000e+02      1.01000000e-19      
2.95250000e+02      9.80000000e-20      
2.95380000e+02      1.05000000e-19      
2.95500000e+02      9.35000000e-20      
2.95630000e+02      9.15000000e-20      
2.95750000e+02      8.89000000e-20      
2.95880000e+02      9.62000000e-20      
2.96000000e+02      9.35000000e-20      
2.96130000e+02      1.01000000e-19      
2.96250000e+02      9.44000000e-20      
2.96380000e+02      1.11000000e-19      
2.96500000e+02      1.12000000e-19      
2.96630000e+02      1.09000000e-19      
2.96750000e+02      1.15000000e-19      
2.96880000e+02      1.16000000e-19      
2.97000000e+02      1.22000000e-19      
2.97130000e+02      1.28000000e-19      
2.97250000e+02      1.32000000e-19      
2.97380000e+02      1.26000000e-19      
2.97500000e+02      1.35000000e-19      
2.97630000e+02      1.37000000e-19      
2.97750000e+02      1.36000000e-19      
2.97880000e+02      1.34000000e-19      
2.98000000e+02      1.17000000e-19      
2.98130000e+02      1.19000000e-19      
2.98250000e+02      1.15000000e-19      
2.98380000e+02      1.15000000e-19      
2.98500000e+02      1.25000000e-19      
2.98630000e+02      1.15000000e-19      
2.98750000e+02      1.16000000e-19      
2.98880000e+02      1.21000000e-19      
2.99000000e+02      1.26000000e-19      
2.99130000e+02      1.26000000e-19      
2.99250000e+02      1.19000000e-19      
2.99380000e+02      1.15000000e-19      
2.99500000e+02      1.27000000e-19      
2.99630000e+02      1.26000000e-19      
2.99750000e+02      1.19000000e-19      
2.99880000e+02      1.33000000e-19      
3.00000000e+02      1.17000000e-19      
3.00130000e+02      1.26000000e-19      
3.00250000e+02      1.12000000e-19      
3.00380000e+02      1.18000000e-19      
3.00500000e+02      1.26000000e-19      
3.00630000e+02      1.22000000e-19      
3.00750000e+02      1.21000000e-19      
3.00880000e+02      1.23000000e-19      
3.01000000e+02      1.23000000e-19      
3.01130000e+02      1.22000000e-19      
3.01250000e+02      1.18000000e-19      
3.01380000e+02      1.30000000e-19      
3.01500000e+02      1.30000000e-19      
3.01630000e+02      1.36000000e-19      
3.01750000e+02      1.38000000e-19      
3.01880000e+02      1.36000000e-19      
3.02000000e+02      1.38000000e-19      
3.02130000e+02      1.48000000e-19      
3.02250000e+02      1.32000000e-19      
3.02380000e+02      1.44000000e-19      
3.02500000e+02      1.52000000e-19      
3.02630000e+02      1.47000000e-19      
3.02750000e+02      1.50000000e-19      
3.02880000e+02      1.48000000e-19      
3.03000000e+02      1.59000000e-19      
3.03130000e+02      1.53000000e-19      
3.03250000e+02      1.47000000e-19      
3.03380000e+02      1.51000000e-19      
3.03500000e+02      1.54000000e-19      
3.03630000e+02      1.58000000e-19      
3.03750000e+02      1.54000000e-19      
3.03880000e+02      1.64000000e-19      
3.04000000e+02      1.59000000e-19      
3.04130000e+02      1.58000000e-19      
3.04250000e+02      1.49000000e-19      
3.04380000e+02      1.49000000e-19      
3.04500000e+02      1.58000000e-19      
3.04630000e+02      1.49000000e-19      
3.04750000e+02      1.50000000e-19      
3.04880000e+02      1.54000000e-19      
3.05000000e+02      1.66000000e-19      
3.05130000e+02      1.57000000e-19      
3.05250000e+02      1.55000000e-19      
3.05380000e+02      1.52000000e-19      
3.05500000e+02      1.60000000e-19      
3.05630000e+02      1.52000000e-19      
3.05750000e+02      1.53000000e-19      
3.05880000e+02      1.42000000e-19      
3.06000000e+02      1.59000000e-19      
3.06130000e+02      1.56000000e-19      
3.06250000e+02      1.55000000e-19      
3.06380000e+02      1.60000000e-19      
3.06500000e+02      1.37000000e-19      
3.06630000e+02      1.48000000e-19      
3.06750000e+02      1.60000000e-19      
3.06880000e+02      1.60000000e-19      
3.07000000e+02      1.63000000e-19      
3.07130000e+02      1.66000000e-19      
3.07250000e+02      1.71000000e-19      
3.07380000e+02      1.67000000e-19      
3.07500000e+02      1.69000000e-19      
3.07630000e+02      1.76000000e-19      
3.07750000e+02      1.62000000e-19      
3.07880000e+02      1.66000000e-19      
3.08000000e+02      1.62000000e-19      
3.08130000e+02      1.68000000e-19      
3.08250000e+02      1.61000000e-19      
3.08380000e+02      1.63000000e-19      
3.08500000e+02      1.64000000e-19      
3.08630000e+02      1.74000000e-19      
3.08750000e+02      1.78000000e-19      
3.08880000e+02      1.81000000e-19      
3.09000000e+02      1.84000000e-19      
3.09130000e+02      1.86000000e-19      
3.09250000e+02      1.81000000e-19      
3.09380000e+02      1.91000000e-19      
3.09500000e+02      1.87000000e-19      
3.09630000e+02      1.91000000e-19      
3.09750000e+02      1.88000000e-19      
3.09880000e+02      1.78000000e-19      
3.10000000e+02      1.76000000e-19      
3.10130000e+02      1.78000000e-19      
3.10250000e+02      1.82000000e-19      
3.10380000e+02      1.82000000e-19      
3.10500000e+02      1.85000000e-19      
3.10630000e+02      1.92000000e-19      
3.10750000e+02      1.93000000e-19      
3.10880000e+02      1.82000000e-19      
3.11000000e+02      1.88000000e-19      
3.11130000e+02      1.92000000e-19      
3.11250000e+02      1.92000000e-19      
3.11380000e+02      1.95000000e-19      
3.11500000e+02      2.03000000e-19      
3.11630000e+02      1.92000000e-19      
3.11750000e+02      1.99000000e-19      
3.11880000e+02      1.98000000e-19      
3.12000000e+02      1.96000000e-19      
3.12130000e+02      2.01000000e-19      
3.12250000e+02      2.09000000e-19      
3.12380000e+02      2.20000000e-19      
3.12500000e+02      2.15000000e-19      
3.12630000e+02      2.01000000e-19      
3.12750000e+02      2.07000000e-19      
3.12880000e+02      2.02000000e-19      
3.13000000e+02      2.03000000e-19      
3.13130000e+02      2.03000000e-19      
3.13250000e+02      1.96000000e-19      
3.13380000e+02      1.92000000e-19      
3.13500000e+02      1.89000000e-19      
3.13630000e+02      2.00000000e-19      
3.13750000e+02      1.91000000e-19      
3.13880000e+02      2.02000000e-19      
3.14000000e+02      1.94000000e-19      
3.14130000e+02      1.97000000e-19      
3.14250000e+02      2.05000000e-19      
3.14380000e+02      2.02000000e-19      
3.14500000e+02      2.19000000e-19      
3.14630000e+02      2.20000000e-19      
3.14750000e+02      2.20000000e-19      
3.14880000e+02      2.22000000e-19      
3.15000000e+02      2.25000000e-19      
3.15130000e+02      2.24000000e-19      
3.15250000e+02      2.24000000e-19      
3.15380000e+02      2.20000000e-19      
3.15500000e+02      2.14000000e-19      
3.15630000e+02      2.16000000e-19      
3.15750000e+02      2.08000000e-19      
3.15880000e+02      2.16000000e-19      
3.16000000e+02      2.13000000e-19      
3.16130000e+02      2.20000000e-19      
3.16250000e+02      2.17000000e-19      
3.16380000e+02      2.04000000e-19      
3.16500000e+02      2.15000000e-19      
3.16630000e+02      2.15000000e-19      
3.16750000e+02      2.21000000e-19      
3.16880000e+02      2.24000000e-19      
3.17000000e+02      2.33000000e-19      
3.17130000e+02      2.20000000e-19      
3.17250000e+02      2.20000000e-19      
3.17380000e+02      2.35000000e-19      
3.17500000e+02      2.46000000e-19      
3.17630000e+02      2.44000000e-19      
3.17750000e+02      2.41000000e-19      
3.17880000e+02      2.47000000e-19      
3.18000000e+02      2.48000000e-19      
3.18130000e+02      2.43000000e-19      
3.18250000e+02      2.40000000e-19      
3.18380000e+02      2.38000000e-19      
3.18500000e+02      2.30000000e-19      
3.18630000e+02      2.30000000e-19      
3.18750000e+02      2.29000000e-19      
3.18880000e+02      2.24000000e-19      
3.19000000e+02      2.32000000e-19      
3.19130000e+02      2.39000000e-19      
3.19250000e+02      2.37000000e-19      
3.19380000e+02      2.38000000e-19      
3.19500000e+02      2.44000000e-19      
3.19630000e+02      2.49000000e-19      
3.19750000e+02      2.52000000e-19      
3.19880000e+02      2.45000000e-19      
3.20000000e+02      2.54000000e-19      
3.20130000e+02      2.63000000e-19      
3.20250000e+02      2.63000000e-19      
3.20380000e+02      2.67000000e-19      
3.20500000e+02      2.76000000e-19      
3.20630000e+02      2.51000000e-19      
3.20750000e+02      2.56000000e-19      
3.20880000e+02      2.47000000e-19      
3.21000000e+02      2.65000000e-19      
3.21130000e+02      2.57000000e-19      
3.21250000e+02      2.52000000e-19      
3.21380000e+02      2.46000000e-19      
3.21500000e+02      2.49000000e-19      
3.21630000e+02      2.70000000e-19      
3.21750000e+02      2.68000000e-19      
3.21880000e+02      2.56000000e-19      
3.22000000e+02      2.65000000e-19      
3.22130000e+02      2.59000000e-19      
3.22250000e+02      2.49000000e-19      
3.22380000e+02      2.79000000e-19      
3.22500000e+02      2.89000000e-19      
3.22630000e+02      2.68000000e-19      
3.22750000e+02      2.80000000e-19      
3.22880000e+02      2.67000000e-19      
3.23000000e+02      2.77000000e-19      
3.23130000e+02      2.65000000e-19      
3.23250000e+02      2.61000000e-19      
3.23380000e+02      2.57000000e-19      
3.23500000e+02      2.69000000e-19      
3.23630000e+02      2.57000000e-19      
3.23750000e+02      2.59000000e-19      
3.23880000e+02      2.53000000e-19      
3.24000000e+02      2.68000000e-19      
3.24130000e+02      2.66000000e-19      
3.24250000e+02      2.73000000e-19      
3.24380000e+02      2.81000000e-19      
3.24500000e+02      2.64000000e-19      
3.24630000e+02      2.68000000e-19      
3.24750000e+02      2.77000000e-19      
3.24880000e+02      2.78000000e-19      
3.25000000e+02      2.79000000e-19      
3.25130000e+02      2.99000000e-19      
3.25250000e+02      3.07000000e-19      
3.25380000e+02      3.17000000e-19      
3.25500000e+02      2.79000000e-19      
3.25630000e+02      3.00000000e-19      
3.25750000e+02      2.81000000e-19      
3.25880000e+02      2.81000000e-19      
3.26000000e+02      2.88000000e-19      
3.26130000e+02      2.90000000e-19      
3.26250000e+02      2.89000000e-19      
3.26380000e+02      2.93000000e-19      
3.26500000e+02      2.86000000e-19      
3.26630000e+02      2.91000000e-19      
3.26750000e+02      3.13000000e-19      
3.26880000e+02      2.96000000e-19      
3.27000000e+02      2.90000000e-19      
3.27130000e+02      2.95000000e-19      
3.27250000e+02      2.88000000e-19      
3.27380000e+02      2.86000000e-19      
3.27500000e+02      2.98000000e-19      
3.27630000e+02      2.96000000e-19      
3.27750000e+02      3.04000000e-19      
3.27880000e+02      3.10000000e-19      
3.28000000e+02      3.08000000e-19      
3.28130000e+02      2.90000000e-19      
3.28250000e+02      2.93000000e-19      
3.28380000e+02      2.92000000e-19      
3.28500000e+02      2.87000000e-19      
3.28630000e+02      2.86000000e-19      
3.28750000e+02      2.94000000e-19      
3.28880000e+02      2.82000000e-19      
3.29000000e+02      3.00000000e-19      
3.29130000e+02      2.92000000e-19      
3.29250000e+02      2.90000000e-19      
3.29380000e+02      3.01000000e-19      
3.29500000e+02      3.07000000e-19      
3.29630000e+02      3.16000000e-19      
3.29750000e+02      3.21000000e-19      
3.29880000e+02      3.13000000e-19      
3.30000000e+02      2.99000000e-19      
3.30130000e+02      3.11000000e-19      
3.30250000e+02      3.14000000e-19      
3.30380000e+02      2.85000000e-19      
3.30500000e+02      2.95000000e-19      
3.30630000e+02      2.98000000e-19      
3.30750000e+02      3.08000000e-19      
3.30880000e+02      2.90000000e-19      
3.31000000e+02      3.05000000e-19      
3.31130000e+02      3.08000000e-19      
3.31250000e+02      3.12000000e-19      
3.31380000e+02      3.16000000e-19      
3.31500000e+02      3.10000000e-19      
3.31630000e+02      3.20000000e-19      
3.31750000e+02      3.13000000e-19      
3.31880000e+02      3.12000000e-19      
3.32000000e+02      3.01000000e-19      
3.32130000e+02      3.14000000e-19      
3.32250000e+02      3.16000000e-19      
3.32380000e+02      3.34000000e-19      
3.32500000e+02      3.49000000e-19      
3.32630000e+02      3.70000000e-19      
3.32750000e+02      3.74000000e-19      
3.32880000e+02      3.79000000e-19      
3.33000000e+02      3.73000000e-19      
3.33130000e+02      3.64000000e-19      
3.33250000e+02      3.61000000e-19      
3.33380000e+02      3.43000000e-19      
3.33500000e+02      3.44000000e-19      
3.33630000e+02      3.28000000e-19      
3.33750000e+02      3.23000000e-19      
3.33880000e+02      3.14000000e-19      
3.34000000e+02      2.98000000e-19      
3.34130000e+02      3.02000000e-19      
3.34250000e+02      3.11000000e-19      
3.34380000e+02      3.10000000e-19      
3.34500000e+02      3.09000000e-19      
3.34630000e+02      3.19000000e-19      
3.34750000e+02      3.34000000e-19      
3.34880000e+02      3.39000000e-19      
3.35000000e+02      3.45000000e-19      
3.35130000e+02      3.39000000e-19      
3.35250000e+02      3.60000000e-19      
3.35380000e+02      3.41000000e-19      
3.35500000e+02      3.28000000e-19      
3.35630000e+02      3.35000000e-19      
3.35750000e+02      3.29000000e-19      
3.35880000e+02      3.31000000e-19      
3.36000000e+02      3.51000000e-19      
3.36130000e+02      3.38000000e-19      
3.36250000e+02      3.50000000e-19      
3.36380000e+02      3.37000000e-19      
3.36500000e+02      3.46000000e-19      
3.36630000e+02      3.55000000e-19      
3.36750000e+02      3.57000000e-19      
3.36880000e+02      3.58000000e-19      
3.37000000e+02      3.46000000e-19      
3.37130000e+02      3.48000000e-19      
3.37250000e+02      3.44000000e-19      
3.37380000e+02      3.40000000e-19      
3.37500000e+02      3.39000000e-19      
3.37630000e+02      3.33000000e-19      
3.37750000e+02      3.34000000e-19      
3.37880000e+02      3.28000000e-19      
3.38000000e+02      3.48000000e-19      
3.38130000e+02      3.45000000e-19      
3.38250000e+02      3.60000000e-19      
3.38380000e+02      3.68000000e-19      
3.38500000e+02      3.85000000e-19      
3.38630000e+02      3.89000000e-19      
3.38750000e+02      3.98000000e-19      
3.38880000e+02      4.01000000e-19      
3.39000000e+02      3.99000000e-19      
3.39130000e+02      4.04000000e-19      
3.39250000e+02      3.92000000e-19      
3.39380000e+02      3.80000000e-19      
3.39500000e+02      3.75000000e-19      
3.39630000e+02      3.76000000e-19      
3.39750000e+02      3.86000000e-19      
3.39880000e+02      3.72000000e-19      
3.40000000e+02      3.88000000e-19      
3.40130000e+02      3.83000000e-19      
3.40250000e+02      3.74000000e-19      
3.40380000e+02      3.85000000e-19      
3.40500000e+02      3.92000000e-19      
3.40630000e+02      3.92000000e-19      
3.40750000e+02      3.82000000e-19      
3.40880000e+02      3.92000000e-19      
3.41000000e+02      4.17000000e-19      
3.41130000e+02      4.24000000e-19      
3.41250000e+02      4.30000000e-19      
3.41380000e+02      4.27000000e-19      
3.41500000e+02      4.23000000e-19      
3.41630000e+02      4.11000000e-19      
3.41750000e+02      4.23000000e-19      
3.41880000e+02      3.95000000e-19      
3.42000000e+02      3.83000000e-19      
3.42130000e+02      3.79000000e-19      
3.42250000e+02      3.67000000e-19      
3.42380000e+02      3.79000000e-19      
3.42500000e+02      3.70000000e-19      
3.42630000e+02      3.52000000e-19      
3.42750000e+02      3.50000000e-19      
3.42880000e+02      3.55000000e-19      
3.43000000e+02      3.55000000e-19      
3.43130000e+02      3.68000000e-19      
3.43250000e+02      3.58000000e-19      
3.43380000e+02      3.72000000e-19      
3.43500000e+02      3.79000000e-19      
3.43630000e+02      3.92000000e-19      
3.43750000e+02      4.02000000e-19      
3.43880000e+02      3.98000000e-19      
3.44000000e+02      4.06000000e-19      
3.44130000e+02      3.84000000e-19      
3.44250000e+02      3.91000000e-19      
3.44380000e+02      3.88000000e-19      
3.44500000e+02      3.96000000e-19      
3.44630000e+02      4.02000000e-19      
3.44750000e+02      4.07000000e-19      
3.44880000e+02      4.11000000e-19      
3.45000000e+02      4.07000000e-19      
3.45130000e+02      4.18000000e-19      
3.45250000e+02      4.06000000e-19      
3.45380000e+02      4.00000000e-19      
3.45500000e+02      4.08000000e-19      
3.45630000e+02      4.04000000e-19      
3.45750000e+02      4.13000000e-19      
3.45880000e+02      4.21000000e-19      
3.46000000e+02      4.30000000e-19      
3.46130000e+02      4.34000000e-19      
3.46250000e+02      4.36000000e-19      
3.46380000e+02      4.32000000e-19      
3.46500000e+02      4.49000000e-19      
3.46630000e+02      4.60000000e-19      
3.46750000e+02      4.46000000e-19      
3.46880000e+02      4.40000000e-19      
3.47000000e+02      4.28000000e-19      
3.47130000e+02      4.34000000e-19      
3.47250000e+02      4.27000000e-19      
3.47380000e+02      4.29000000e-19      
3.47500000e+02      4.20000000e-19      
3.47630000e+02      4.21000000e-19      
3.47750000e+02      4.32000000e-19      
3.47880000e+02      4.40000000e-19      
3.48000000e+02      4.82000000e-19      
3.48130000e+02      5.00000000e-19      
3.48250000e+02      5.15000000e-19      
3.48380000e+02      5.33000000e-19      
3.48500000e+02      5.22000000e-19      
3.48630000e+02      5.16000000e-19      
3.48750000e+02      4.89000000e-19      
3.48880000e+02      4.67000000e-19      
3.49000000e+02      4.61000000e-19      
3.49130000e+02      4.41000000e-19      
3.49250000e+02      4.18000000e-19      
3.49380000e+02      4.01000000e-19      
3.49500000e+02      4.00000000e-19      
3.49630000e+02      4.05000000e-19      
3.49750000e+02      3.98000000e-19      
3.49880000e+02      3.96000000e-19      
3.50000000e+02      4.10000000e-19      
3.50130000e+02      4.14000000e-19      
3.50250000e+02      4.26000000e-19      
3.50380000e+02      4.20000000e-19      
3.50500000e+02      4.51000000e-19      
3.50630000e+02      4.36000000e-19      
3.50750000e+02      4.52000000e-19      
3.50880000e+02      4.48000000e-19      
3.51000000e+02      4.52000000e-19      
3.51130000e+02      4.64000000e-19      
3.51250000e+02      4.63000000e-19      
3.51380000e+02      4.48000000e-19      
3.51500000e+02      4.32000000e-19      
3.51630000e+02      4.39000000e-19      
3.51750000e+02      4.26000000e-19      
3.51880000e+02      4.29000000e-19      
3.52000000e+02      4.43000000e-19      
3.52130000e+02      4.54000000e-19      
3.52250000e+02      4.52000000e-19      
3.52380000e+02      4.43000000e-19      
3.52500000e+02      4.38000000e-19      
3.52630000e+02      4.33000000e-19      
3.52750000e+02      4.21000000e-19      
3.52880000e+02      4.06000000e-19      
3.53000000e+02      3.99000000e-19      
3.53130000e+02      4.01000000e-19      
3.53250000e+02      4.02000000e-19      
3.53380000e+02      4.20000000e-19      
3.53500000e+02      4.38000000e-19      
3.53630000e+02      4.54000000e-19      
3.53750000e+02      4.65000000e-19      
3.53880000e+02      4.86000000e-19      
3.54000000e+02      5.04000000e-19      
3.54130000e+02      5.32000000e-19      
3.54250000e+02      5.58000000e-19      
3.54380000e+02      5.68000000e-19      
3.54500000e+02      5.40000000e-19      
3.54630000e+02      5.42000000e-19      
3.54750000e+02      5.39000000e-19      
3.54880000e+02      5.26000000e-19      
3.55000000e+02      5.13000000e-19      
3.55130000e+02      4.99000000e-19      
3.55250000e+02      4.87000000e-19      
3.55380000e+02      4.75000000e-19      
3.55500000e+02      4.68000000e-19      
3.55630000e+02      4.62000000e-19      
3.55750000e+02      4.59000000e-19      
3.55880000e+02      4.55000000e-19      
3.56000000e+02      4.61000000e-19      
3.56130000e+02      4.63000000e-19      
3.56250000e+02      4.67000000e-19      
3.56380000e+02      4.83000000e-19      
3.56500000e+02      4.77000000e-19      
3.56630000e+02      5.09000000e-19      
3.56750000e+02      5.17000000e-19      
3.56880000e+02      5.45000000e-19      
3.57000000e+02      5.58000000e-19      
3.57130000e+02      5.64000000e-19      
3.57250000e+02      5.63000000e-19      
3.57380000e+02      5.54000000e-19      
3.57500000e+02      5.57000000e-19      
3.57630000e+02      5.31000000e-19      
3.57750000e+02      5.19000000e-19      
3.57880000e+02      5.14000000e-19      
3.58000000e+02      5.04000000e-19      
3.58130000e+02      5.15000000e-19      
3.58250000e+02      4.95000000e-19      
3.58380000e+02      4.97000000e-19      
3.58500000e+02      4.86000000e-19      
3.58630000e+02      4.76000000e-19      
3.58750000e+02      4.76000000e-19      
3.58880000e+02      4.55000000e-19      
3.59000000e+02      4.55000000e-19      
3.59130000e+02      4.48000000e-19      
3.59250000e+02      4.56000000e-19      
3.59380000e+02      4.52000000e-19      
3.59500000e+02      4.64000000e-19      
3.59630000e+02      4.61000000e-19      
3.59750000e+02      4.65000000e-19      
3.59880000e+02      4.47000000e-19      
3.60000000e+02      4.51000000e-19      
3.60130000e+02      4.67000000e-19      
3.60250000e+02      4.72000000e-19      
3.60380000e+02      4.89000000e-19      
3.60500000e+02      5.04000000e-19      
3.60630000e+02      5.12000000e-19      
3.60750000e+02      5.23000000e-19      
3.60880000e+02      5.31000000e-19      
3.61000000e+02      5.39000000e-19      
3.61130000e+02      5.35000000e-19      
3.61250000e+02      5.11000000e-19      
3.61380000e+02      5.13000000e-19      
3.61500000e+02      5.11000000e-19      
3.61630000e+02      5.10000000e-19      
3.61750000e+02      5.01000000e-19      
3.61880000e+02      4.95000000e-19      
3.62000000e+02      5.04000000e-19      
3.62130000e+02      5.02000000e-19      
3.62250000e+02      5.09000000e-19      
3.62380000e+02      5.16000000e-19      
3.62500000e+02      5.09000000e-19      
3.62630000e+02      5.10000000e-19      
3.62750000e+02      4.99000000e-19      
3.62880000e+02      5.15000000e-19      
3.63000000e+02      5.12000000e-19      
3.63130000e+02      4.98000000e-19      
3.63250000e+02      5.02000000e-19      
3.63380000e+02      5.05000000e-19      
3.63500000e+02      4.92000000e-19      
3.63630000e+02      4.93000000e-19      
3.63750000e+02      4.76000000e-19      
3.63880000e+02      4.78000000e-19      
3.64000000e+02      4.87000000e-19      
3.64130000e+02      5.05000000e-19      
3.64250000e+02      5.24000000e-19      
3.64380000e+02      5.36000000e-19      
3.64500000e+02      5.42000000e-19      
3.64630000e+02      5.50000000e-19      
3.64750000e+02      5.56000000e-19      
3.64880000e+02      5.64000000e-19      
3.65000000e+02      5.78000000e-19      
3.65130000e+02      5.86000000e-19      
3.65250000e+02      6.01000000e-19      
3.65380000e+02      5.94000000e-19      
3.65500000e+02      5.96000000e-19      
3.65630000e+02      5.84000000e-19      
3.65750000e+02      5.78000000e-19      
3.65880000e+02      5.53000000e-19      
3.66000000e+02      5.40000000e-19      
3.66130000e+02      5.18000000e-19      
3.66250000e+02      5.05000000e-19      
3.66380000e+02      4.97000000e-19      
3.66500000e+02      4.90000000e-19      
3.66630000e+02      4.87000000e-19      
3.66750000e+02      4.85000000e-19      
3.66880000e+02      5.14000000e-19      
3.67000000e+02      5.19000000e-19      
3.67130000e+02      5.43000000e-19      
3.67250000e+02      5.58000000e-19      
3.67380000e+02      5.54000000e-19      
3.67500000e+02      5.46000000e-19      
3.67630000e+02      5.38000000e-19      
3.67750000e+02      5.53000000e-19      
3.67880000e+02      5.45000000e-19      
3.68000000e+02      5.34000000e-19      
3.68130000e+02      5.38000000e-19      
3.68250000e+02      5.36000000e-19      
3.68380000e+02      5.27000000e-19      
3.68500000e+02      5.28000000e-19      
3.68630000e+02      5.16000000e-19      
3.68750000e+02      5.14000000e-19      
3.68880000e+02      5.24000000e-19      
3.69000000e+02      5.19000000e-19      
3.69130000e+02      5.31000000e-19      
3.69250000e+02      5.36000000e-19      
3.69380000e+02      5.35000000e-19      
3.69500000e+02      5.22000000e-19      
3.69630000e+02      5.18000000e-19      
3.69750000e+02      5.23000000e-19      
3.69880000e+02      5.32000000e-19      
3.70000000e+02      5.42000000e-19      
3.70130000e+02      5.34000000e-19      
3.70250000e+02      5.28000000e-19      
3.70380000e+02      5.23000000e-19      
3.70500000e+02      5.19000000e-19      
3.70630000e+02      5.09000000e-19      
3.70750000e+02      4.90000000e-19      
3.70880000e+02      4.97000000e-19      
3.71000000e+02      5.21000000e-19      
3.71130000e+02      5.21000000e-19      
3.71250000e+02      5.21000000e-19      
3.71380000e+02      5.45000000e-19      
3.71500000e+02      5.52000000e-19      
3.71630000e+02      5.73000000e-19      
3.71750000e+02      5.87000000e-19      
3.71880000e+02      5.95000000e-19      
3.72000000e+02      5.98000000e-19      
3.72130000e+02      6.06000000e-19      
3.72250000e+02      5.97000000e-19      
3.72380000e+02      6.05000000e-19      
3.72500000e+02      5.97000000e-19      
3.72630000e+02      5.87000000e-19      
3.72750000e+02      5.70000000e-19      
3.72880000e+02      5.56000000e-19      
3.73000000e+02      5.50000000e-19      
3.73130000e+02      5.46000000e-19      
3.73250000e+02      5.34000000e-19      
3.73380000e+02      5.34000000e-19      
3.73500000e+02      5.23000000e-19      
3.73630000e+02      5.41000000e-19      
3.73750000e+02      5.42000000e-19      
3.73880000e+02      5.46000000e-19      
3.74000000e+02      5.36000000e-19      
3.74130000e+02      5.38000000e-19      
3.74250000e+02      5.19000000e-19      
3.74380000e+02      5.15000000e-19      
3.74500000e+02      5.09000000e-19      
3.74630000e+02      5.08000000e-19      
3.74750000e+02      5.14000000e-19      
3.74880000e+02      5.25000000e-19      
3.75000000e+02      5.35000000e-19      
3.75130000e+02      5.54000000e-19      
3.75250000e+02      5.70000000e-19      
3.75380000e+02      5.87000000e-19      
3.75500000e+02      5.90000000e-19      
3.75630000e+02      5.90000000e-19      
3.75750000e+02      5.95000000e-19      
3.75880000e+02      5.95000000e-19      
3.76000000e+02      6.23000000e-19      
3.76130000e+02      6.51000000e-19      
3.76250000e+02      6.53000000e-19      
3.76380000e+02      6.45000000e-19      
3.76500000e+02      6.29000000e-19      
3.76630000e+02      6.19000000e-19      
3.76750000e+02      6.08000000e-19      
3.76880000e+02      5.68000000e-19      
3.77000000e+02      5.67000000e-19      
3.77130000e+02      5.46000000e-19      
3.77250000e+02      5.29000000e-19      
3.77380000e+02      5.20000000e-19      
3.77500000e+02      5.24000000e-19      
3.77630000e+02      5.23000000e-19      
3.77750000e+02      5.24000000e-19      
3.77880000e+02      5.28000000e-19      
3.78000000e+02      5.18000000e-19      
3.78130000e+02      5.07000000e-19      
3.78250000e+02      5.12000000e-19      
3.78380000e+02      5.17000000e-19      
3.78500000e+02      5.22000000e-19      
3.78630000e+02      5.29000000e-19      
3.78750000e+02      5.22000000e-19      
3.78880000e+02      5.36000000e-19      
3.79000000e+02      5.47000000e-19      
3.79130000e+02      5.56000000e-19      
3.79250000e+02      5.70000000e-19      
3.79380000e+02      5.89000000e-19      
3.79500000e+02      6.15000000e-19      
3.79630000e+02      6.32000000e-19      
3.79750000e+02      6.29000000e-19      
3.79880000e+02      6.26000000e-19      
3.80000000e+02      5.98000000e-19      
3.80130000e+02      6.05000000e-19      
3.80250000e+02      5.95000000e-19      
3.80380000e+02      5.94000000e-19      
3.80500000e+02      5.86000000e-19      
3.80630000e+02      5.94000000e-19      
3.80750000e+02      5.72000000e-19      
3.80880000e+02      5.63000000e-19      
3.81000000e+02      5.66000000e-19      
3.81130000e+02      5.74000000e-19      
3.81250000e+02      5.72000000e-19      
3.81380000e+02      5.59000000e-19      
3.81500000e+02      5.52000000e-19      
3.81630000e+02      5.54000000e-19      
3.81750000e+02      5.61000000e-19      
3.81880000e+02      5.62000000e-19      
3.82000000e+02      5.64000000e-19      
3.82130000e+02      5.77000000e-19      
3.82250000e+02      5.48000000e-19      
3.82380000e+02      5.14000000e-19      
3.82500000e+02      5.27000000e-19      
3.82630000e+02      5.29000000e-19      
3.82750000e+02      5.32000000e-19      
3.82880000e+02      5.47000000e-19      
3.83000000e+02      5.37000000e-19      
3.83130000e+02      5.35000000e-19      
3.83250000e+02      5.52000000e-19      
3.83380000e+02      5.44000000e-19      
3.83500000e+02      5.42000000e-19      
3.83630000e+02      5.68000000e-19      
3.83750000e+02      5.85000000e-19      
3.83880000e+02      5.66000000e-19      
3.84000000e+02      5.97000000e-19      
3.84130000e+02      5.64000000e-19      
3.84250000e+02      5.87000000e-19      
3.84380000e+02      5.91000000e-19      
3.84500000e+02      5.94000000e-19      
3.84630000e+02      6.06000000e-19      
3.84750000e+02      6.40000000e-19      
3.84880000e+02      6.17000000e-19      
3.85000000e+02      5.94000000e-19      
3.85130000e+02      5.68000000e-19      
3.85250000e+02      5.84000000e-19      
3.85380000e+02      5.94000000e-19      
3.85500000e+02      5.80000000e-19      
3.85630000e+02      6.28000000e-19      
3.85750000e+02      6.10000000e-19      
3.85880000e+02      5.72000000e-19      
3.86000000e+02      5.51000000e-19      
3.86130000e+02      5.57000000e-19      
3.86250000e+02      5.59000000e-19      
3.86380000e+02      5.37000000e-19      
3.86500000e+02      5.32000000e-19      
3.86630000e+02      5.45000000e-19      
3.86750000e+02      5.62000000e-19      
3.86880000e+02      5.64000000e-19      
3.87000000e+02      5.60000000e-19      
3.87130000e+02      5.95000000e-19      
3.87250000e+02      5.80000000e-19      
3.87380000e+02      6.04000000e-19      
3.87500000e+02      5.91000000e-19      
3.87630000e+02      5.98000000e-19      
3.87750000e+02      5.92000000e-19      
3.87880000e+02      6.04000000e-19      
3.88000000e+02      5.97000000e-19      
3.88130000e+02      5.76000000e-19      
3.88250000e+02      5.80000000e-19      
3.88380000e+02      5.69000000e-19      
3.88500000e+02      5.69000000e-19      
3.88630000e+02      5.67000000e-19      
3.88750000e+02      5.78000000e-19      
3.88880000e+02      5.99000000e-19      
3.89000000e+02      6.02000000e-19      
3.89130000e+02      6.28000000e-19      
3.89250000e+02      6.04000000e-19      
3.89380000e+02      6.07000000e-19      
3.89500000e+02      6.04000000e-19      
3.89630000e+02      5.90000000e-19      
3.89750000e+02      5.74000000e-19      
3.89880000e+02      6.02000000e-19      
3.90000000e+02      6.00000000e-19      
3.90130000e+02      6.06000000e-19      
3.90250000e+02      6.20000000e-19      
3.90380000e+02      6.05000000e-19      
3.90500000e+02      5.97000000e-19      
3.90630000e+02      5.87000000e-19      
3.90750000e+02      5.93000000e-19      
3.90880000e+02      5.74000000e-19      
3.91000000e+02      5.83000000e-19      
3.91130000e+02      5.93000000e-19      
3.91250000e+02      6.02000000e-19      
3.91380000e+02      5.83000000e-19      
3.91500000e+02      6.22000000e-19      
3.91630000e+02      6.58000000e-19      
3.91750000e+02      6.88000000e-19      
3.91880000e+02      6.39000000e-19      
3.92000000e+02      6.05000000e-19      
3.92130000e+02      6.00000000e-19      
3.92250000e+02      6.14000000e-19      
3.92380000e+02      5.99000000e-19      
3.92500000e+02      6.20000000e-19      
3.92630000e+02      6.04000000e-19      
3.92750000e+02      6.00000000e-19      
3.92880000e+02      5.82000000e-19      
3.93000000e+02      5.45000000e-19      
3.93130000e+02      5.38000000e-19      
3.93250000e+02      5.20000000e-19      
3.93380000e+02      5.42000000e-19      
3.93500000e+02      5.49000000e-19      
3.93630000e+02      5.60000000e-19      
3.93750000e+02      5.41000000e-19      
3.93880000e+02      5.50000000e-19      
3.94000000e+02      5.54000000e-19      
3.94130000e+02      5.41000000e-19      
3.94250000e+02      5.31000000e-19      
3.94380000e+02      5.32000000e-19      
3.94500000e+02      5.23000000e-19      
3.94630000e+02      5.18000000e-19      
3.94750000e+02      5.58000000e-19      
3.94880000e+02      5.81000000e-19      
3.95000000e+02      5.89000000e-19      
3.95130000e+02      5.89000000e-19      
3.95250000e+02      6.06000000e-19      
3.95380000e+02      6.50000000e-19      
3.95500000e+02      6.21000000e-19      
3.95630000e+02      6.40000000e-19      
3.95750000e+02      6.41000000e-19      
3.95880000e+02      6.35000000e-19      
3.96000000e+02      6.15000000e-19      
3.96130000e+02      5.92000000e-19      
3.96250000e+02      5.97000000e-19      
3.96380000e+02      5.62000000e-19      
3.96500000e+02      5.59000000e-19      
3.96630000e+02      5.54000000e-19      
3.96750000e+02      5.41000000e-19      
3.96880000e+02      5.41000000e-19      
3.97000000e+02      5.66000000e-19      
3.97130000e+02      5.31000000e-19      
3.97250000e+02      5.37000000e-19      
3.97380000e+02      5.23000000e-19      
3.97500000e+02      5.53000000e-19      
3.97630000e+02      5.94000000e-19      
3.97750000e+02      6.19000000e-19      
