NO2 + hv => NO + O
wavelength (nm)   quantum yield
6.0000e-02        0.0000e+00     
1.1000e-01        0.0000e+00     
2.4000e-01        0.0000e+00     
6.2000e-01        0.0000e+00     
1.2600e+00        0.0000e+00     
2.2600e+00        0.0000e+00     
2.3600e+00        0.0000e+00     
2.4600e+00        0.0000e+00     
2.9100e+00        0.0000e+00     
3.0400e+00        0.0000e+00     
6.2100e+00        0.0000e+00     
1.2170e+01        0.0000e+00     
2.4860e+01        0.0000e+00     
6.2580e+01        0.0000e+00     
9.1500e+01        0.0000e+00     
9.4000e+01        0.0000e+00     
1.0800e+02        5.0053e-01     
1.1000e+02        5.0000e-01     
1.1200e+02        5.0000e-01     
1.1400e+02        5.0000e-01     
1.1600e+02        5.0000e-01     
1.1800e+02        5.1535e-01     
1.2000e+02        5.1983e-01     
1.2200e+02        5.0097e-01     
1.2400e+02        5.0000e-01     
1.2600e+02        5.0000e-01     
1.2800e+02        5.0000e-01     
1.3000e+02        5.0000e-01     
1.3200e+02        5.0000e-01     
1.3400e+02        5.0000e-01     
1.3600e+02        5.0000e-01     
1.3800e+02        5.0000e-01     
1.4000e+02        5.0000e-01     
1.4200e+02        5.0000e-01     
1.4400e+02        5.0000e-01     
1.4600e+02        5.0000e-01     
1.4800e+02        5.0000e-01     
1.5000e+02        5.0000e-01     
1.5200e+02        4.9751e-01     
1.5400e+02        5.0000e-01     
1.5600e+02        5.0000e-01     
1.5800e+02        5.0000e-01     
1.6000e+02        5.0000e-01     
1.6500e+02        5.0000e-01     
1.7000e+02        5.0000e-01     
1.7500e+02        5.0000e-01     
1.8000e+02        5.0000e-01     
1.8500e+02        5.0000e-01     
1.8513e+02        5.0195e-01     
1.8525e+02        4.9815e-01     
1.8538e+02        5.0000e-01     
1.8550e+02        5.0000e-01     
1.8563e+02        5.0000e-01     
1.8575e+02        4.9791e-01     
1.8588e+02        4.9811e-01     
1.8600e+02        5.0186e-01     
1.8613e+02        4.9819e-01     
1.8625e+02        5.0000e-01     
1.8638e+02        5.0000e-01     
1.8650e+02        5.0000e-01     
1.8663e+02        4.9815e-01     
1.8675e+02        4.9818e-01     
1.8688e+02        5.0202e-01     
1.8700e+02        4.9808e-01     
1.8713e+02        5.0000e-01     
1.8725e+02        4.9819e-01     
1.8738e+02        5.0000e-01     
1.8750e+02        5.0177e-01     
1.8763e+02        4.9815e-01     
1.8775e+02        5.0000e-01     
1.8788e+02        5.0179e-01     
1.8800e+02        4.9826e-01     
1.8813e+02        5.0000e-01     
1.8825e+02        5.0183e-01     
1.8838e+02        5.0183e-01     
1.8850e+02        4.9811e-01     
1.8863e+02        5.0179e-01     
1.8875e+02        4.9822e-01     
1.8888e+02        4.9819e-01     
1.8900e+02        4.9834e-01     
1.8913e+02        4.9828e-01     
1.8925e+02        4.9834e-01     
1.8938e+02        5.0171e-01     
1.8950e+02        5.0000e-01     
1.8963e+02        4.9826e-01     
1.8975e+02        5.0171e-01     
1.8988e+02        5.0000e-01     
1.9000e+02        5.0171e-01     
1.9013e+02        4.9819e-01     
1.9025e+02        5.0000e-01     
1.9038e+02        5.0000e-01     
1.9050e+02        4.9804e-01     
1.9063e+02        5.0000e-01     
1.9075e+02        5.0000e-01     
1.9088e+02        5.0179e-01     
1.9100e+02        5.0000e-01     
1.9113e+02        5.0195e-01     
1.9125e+02        4.9825e-01     
1.9138e+02        5.0177e-01     
1.9150e+02        5.0177e-01     
1.9163e+02        5.0000e-01     
1.9175e+02        5.0173e-01     
1.9188e+02        5.0000e-01     
1.9200e+02        4.9815e-01     
1.9213e+02        4.9811e-01     
1.9225e+02        5.0202e-01     
1.9238e+02        4.9815e-01     
1.9250e+02        5.0190e-01     
1.9263e+02        4.9815e-01     
1.9275e+02        5.0000e-01     
1.9288e+02        5.0199e-01     
1.9300e+02        5.0000e-01     
1.9313e+02        5.0000e-01     
1.9325e+02        5.0000e-01     
1.9338e+02        4.9811e-01     
1.9350e+02        5.0000e-01     
1.9363e+02        4.9796e-01     
1.9375e+02        4.9799e-01     
1.9388e+02        5.0000e-01     
1.9400e+02        5.0202e-01     
1.9413e+02        5.0198e-01     
1.9425e+02        5.0198e-01     
1.9438e+02        5.0000e-01     
1.9450e+02        5.0000e-01     
1.9463e+02        4.9818e-01     
1.9475e+02        5.0000e-01     
1.9488e+02        5.0000e-01     
1.9500e+02        5.0000e-01     
1.9513e+02        5.0000e-01     
1.9525e+02        5.0000e-01     
1.9538e+02        5.0000e-01     
1.9550e+02        5.0233e-01     
1.9563e+02        4.9776e-01     
1.9575e+02        4.9772e-01     
1.9588e+02        5.0000e-01     
1.9600e+02        5.0000e-01     
1.9613e+02        5.0213e-01     
1.9625e+02        5.0000e-01     
1.9638e+02        4.9782e-01     
1.9650e+02        5.0000e-01     
1.9663e+02        5.0195e-01     
1.9675e+02        5.0207e-01     
1.9688e+02        4.9799e-01     
1.9700e+02        5.0000e-01     
1.9713e+02        5.0000e-01     
1.9725e+02        5.0000e-01     
1.9738e+02        5.0000e-01     
1.9750e+02        5.0000e-01     
1.9763e+02        4.9808e-01     
1.9775e+02        4.9799e-01     
1.9788e+02        5.0202e-01     
1.9800e+02        5.0000e-01     
1.9813e+02        5.0187e-01     
1.9825e+02        5.0000e-01     
1.9838e+02        4.9799e-01     
1.9850e+02        5.0000e-01     
1.9863e+02        5.0000e-01     
1.9875e+02        5.0199e-01     
1.9888e+02        5.0213e-01     
1.9900e+02        5.0000e-01     
1.9913e+02        5.0207e-01     
1.9925e+02        4.9796e-01     
1.9938e+02        4.9780e-01     
1.9950e+02        4.9799e-01     
1.9963e+02        5.0000e-01     
1.9975e+02        5.0195e-01     
1.9988e+02        5.0000e-01     
2.0000e+02        5.0000e-01     
2.0013e+02        5.0185e-01     
2.0025e+02        5.0000e-01     
2.0038e+02        5.0000e-01     
2.0050e+02        5.0000e-01     
2.0063e+02        5.0175e-01     
2.0075e+02        5.0338e-01     
2.0088e+02        5.0173e-01     
2.0100e+02        5.0347e-01     
2.0113e+02        5.0167e-01     
2.0125e+02        5.0172e-01     
2.0138e+02        5.0166e-01     
2.0150e+02        5.0183e-01     
2.0163e+02        5.0355e-01     
2.0175e+02        5.0345e-01     
2.0188e+02        5.0523e-01     
2.0200e+02        5.0523e-01     
2.0213e+02        5.0388e-01     
2.0225e+02        5.0562e-01     
2.0238e+02        5.0542e-01     
2.0250e+02        5.0542e-01     
2.0263e+02        5.0545e-01     
2.0275e+02        5.0538e-01     
2.0288e+02        5.0515e-01     
2.0300e+02        5.0709e-01     
2.0313e+02        5.0538e-01     
2.0325e+02        5.0859e-01     
2.0338e+02        5.0859e-01     
2.0350e+02        5.0799e-01     
2.0363e+02        5.0938e-01     
2.0375e+02        5.0814e-01     
2.0388e+02        5.0968e-01     
2.0400e+02        5.1020e-01     
2.0413e+02        5.0872e-01     
2.0425e+02        5.0997e-01     
2.0438e+02        5.1014e-01     
2.0450e+02        5.1130e-01     
2.0463e+02        5.1111e-01     
2.0475e+02        5.0964e-01     
2.0488e+02        5.1111e-01     
2.0500e+02        5.1200e-01     
2.0513e+02        5.1099e-01     
2.0525e+02        5.1194e-01     
2.0538e+02        5.1351e-01     
2.0550e+02        5.1297e-01     
2.0563e+02        5.1143e-01     
2.0575e+02        5.1176e-01     
2.0588e+02        5.1351e-01     
2.0600e+02        5.1497e-01     
2.0613e+02        5.1471e-01     
2.0625e+02        5.1304e-01     
2.0638e+02        5.1471e-01     
2.0650e+02        5.1497e-01     
2.0663e+02        5.1622e-01     
2.0675e+02        5.1497e-01     
2.0688e+02        5.1695e-01     
2.0700e+02        5.1603e-01     
2.0713e+02        5.1567e-01     
2.0725e+02        5.1657e-01     
2.0738e+02        5.1781e-01     
2.0750e+02        5.1579e-01     
2.0763e+02        5.1671e-01     
2.0775e+02        5.1804e-01     
2.0788e+02        5.1834e-01     
2.0800e+02        5.1896e-01     
2.0813e+02        5.1762e-01     
2.0825e+02        5.1818e-01     
2.0838e+02        5.2000e-01     
2.0850e+02        5.1885e-01     
2.0863e+02        5.2036e-01     
2.0875e+02        5.1963e-01     
2.0888e+02        5.2093e-01     
2.0900e+02        5.1991e-01     
2.0913e+02        5.1991e-01     
2.0925e+02        5.2000e-01     
2.0938e+02        5.2048e-01     
2.0950e+02        5.2195e-01     
2.0963e+02        5.2296e-01     
2.0975e+02        5.2250e-01     
2.0988e+02        5.2228e-01     
2.1000e+02        5.2208e-01     
2.1013e+02        5.2243e-01     
2.1025e+02        5.2432e-01     
2.1038e+02        5.2316e-01     
2.1050e+02        5.2406e-01     
2.1063e+02        5.2507e-01     
2.1075e+02        5.2381e-01     
2.1088e+02        5.2507e-01     
2.1100e+02        5.2538e-01     
2.1113e+02        5.2463e-01     
2.1125e+02        5.2475e-01     
2.1138e+02        5.2542e-01     
2.1150e+02        5.2706e-01     
2.1163e+02        5.2596e-01     
2.1175e+02        5.2596e-01     
2.1188e+02        5.2747e-01     
2.1200e+02        5.2723e-01     
2.1213e+02        5.2688e-01     
2.1225e+02        5.2866e-01     
2.1238e+02        5.2720e-01     
2.1250e+02        5.2869e-01     
2.1263e+02        5.2894e-01     
2.1275e+02        5.2860e-01     
2.1288e+02        5.3000e-01     
2.1300e+02        5.2953e-01     
2.1313e+02        5.3040e-01     
2.1325e+02        5.3030e-01     
2.1338e+02        5.2954e-01     
2.1350e+02        5.2967e-01     
2.1363e+02        5.3187e-01     
2.1375e+02        5.3215e-01     
2.1388e+02        5.3196e-01     
2.1400e+02        5.3286e-01     
2.1413e+02        5.3271e-01     
2.1425e+02        5.3349e-01     
2.1438e+02        5.3207e-01     
2.1450e+02        5.3318e-01     
2.1463e+02        5.3256e-01     
2.1475e+02        5.3286e-01     
2.1488e+02        5.3412e-01     
2.1500e+02        5.3483e-01     
2.1513e+02        5.3401e-01     
2.1525e+02        5.3528e-01     
2.1538e+02        5.3401e-01     
2.1550e+02        5.3634e-01     
2.1563e+02        5.3511e-01     
2.1575e+02        5.3647e-01     
2.1588e+02        5.3524e-01     
2.1600e+02        5.3664e-01     
2.1613e+02        5.3571e-01     
2.1625e+02        5.3653e-01     
2.1638e+02        5.3704e-01     
2.1650e+02        5.3719e-01     
2.1663e+02        5.3799e-01     
2.1675e+02        5.3815e-01     
2.1688e+02        5.3815e-01     
2.1700e+02        5.3908e-01     
2.1713e+02        5.4000e-01     
2.1725e+02        5.3939e-01     
2.1738e+02        5.3926e-01     
2.1750e+02        5.3928e-01     
2.1763e+02        5.3928e-01     
2.1775e+02        5.3965e-01     
2.1788e+02        5.4157e-01     
2.1800e+02        5.4005e-01     
2.1813e+02        5.4197e-01     
2.1825e+02        5.4157e-01     
2.1838e+02        5.4286e-01     
2.1850e+02        5.4327e-01     
2.1863e+02        5.4333e-01     
2.1875e+02        5.4306e-01     
2.1888e+02        5.4327e-01     
2.1900e+02        5.4337e-01     
2.1913e+02        5.4286e-01     
2.1925e+02        5.4499e-01     
2.1938e+02        5.4354e-01     
2.1950e+02        5.4324e-01     
2.1963e+02        5.4497e-01     
2.1975e+02        5.4450e-01     
2.1988e+02        5.4476e-01     
2.2000e+02        5.4545e-01     
2.2013e+02        5.4523e-01     
2.2025e+02        5.4591e-01     
2.2038e+02        5.4545e-01     
2.2050e+02        5.4734e-01     
2.2063e+02        5.4605e-01     
2.2075e+02        5.4721e-01     
2.2088e+02        5.4658e-01     
2.2100e+02        5.4713e-01     
2.2113e+02        5.4825e-01     
2.2125e+02        5.4845e-01     
2.2138e+02        5.4906e-01     
2.2150e+02        5.4918e-01     
2.2163e+02        5.4845e-01     
2.2175e+02        5.4968e-01     
2.2188e+02        5.4906e-01     
2.2200e+02        5.4936e-01     
2.2213e+02        5.4945e-01     
2.2225e+02        5.4967e-01     
2.2238e+02        5.5035e-01     
2.2250e+02        5.5231e-01     
2.2263e+02        5.5156e-01     
2.2275e+02        5.5198e-01     
2.2288e+02        5.5102e-01     
2.2300e+02        5.5200e-01     
2.2313e+02        5.5337e-01     
2.2325e+02        5.5337e-01     
2.2338e+02        5.5429e-01     
2.2350e+02        5.5429e-01     
2.2363e+02        5.5263e-01     
2.2375e+02        5.5460e-01     
2.2388e+02        5.5331e-01     
2.2400e+02        5.5429e-01     
2.2413e+02        5.5587e-01     
2.2425e+02        5.5647e-01     
2.2438e+02        5.5525e-01     
2.2450e+02        5.5490e-01     
2.2463e+02        5.5718e-01     
2.2475e+02        5.5728e-01     
2.2488e+02        5.5521e-01     
2.2500e+02        5.5556e-01     
2.2513e+02        5.5696e-01     
2.2525e+02        5.5828e-01     
2.2538e+02        5.5685e-01     
2.2550e+02        5.5833e-01     
2.2563e+02        5.5882e-01     
2.2575e+02        5.5911e-01     
2.2588e+02        5.5819e-01     
2.2600e+02        5.5830e-01     
2.2613e+02        5.5889e-01     
2.2625e+02        5.6000e-01     
2.2638e+02        5.5914e-01     
2.2650e+02        5.6018e-01     
2.2663e+02        5.6164e-01     
2.2675e+02        5.5981e-01     
2.2688e+02        5.6203e-01     
2.2700e+02        5.6250e-01     
2.2713e+02        5.6125e-01     
2.2725e+02        5.6250e-01     
2.2738e+02        5.6190e-01     
2.2750e+02        5.6393e-01     
2.2763e+02        5.6228e-01     
2.2775e+02        5.6184e-01     
2.2788e+02        5.6294e-01     
2.2800e+02        5.6463e-01     
2.2813e+02        5.6552e-01     
2.2825e+02        5.6429e-01     
2.2838e+02        5.6376e-01     
2.2850e+02        5.6655e-01     
2.2863e+02        5.6643e-01     
2.2875e+02        5.6458e-01     
2.2888e+02        5.6410e-01     
2.2900e+02        5.6420e-01     
2.2913e+02        5.6800e-01     
2.2925e+02        5.6485e-01     
2.2938e+02        5.6637e-01     
2.2950e+02        5.6818e-01     
2.2963e+02        5.6818e-01     
2.2975e+02        5.6951e-01     
2.2988e+02        5.6696e-01     
2.3000e+02        5.6790e-01     
2.3013e+02        5.6680e-01     
2.3025e+02        5.6757e-01     
2.3038e+02        5.6877e-01     
2.3050e+02        5.7034e-01     
2.3063e+02        5.6940e-01     
2.3075e+02        5.6897e-01     
2.3088e+02        5.7192e-01     
2.3100e+02        5.6958e-01     
2.3113e+02        5.7049e-01     
2.3125e+02        5.7190e-01     
2.3138e+02        5.7143e-01     
2.3150e+02        5.7338e-01     
2.3163e+02        5.7295e-01     
2.3175e+02        5.7143e-01     
2.3188e+02        5.7358e-01     
2.3200e+02        5.7143e-01     
2.3213e+02        5.7198e-01     
2.3225e+02        5.7529e-01     
2.3238e+02        5.7303e-01     
2.3250e+02        5.7348e-01     
2.3263e+02        5.7401e-01     
2.3275e+02        5.7621e-01     
2.3288e+02        5.7588e-01     
2.3300e+02        5.7322e-01     
2.3313e+02        5.7709e-01     
2.3325e+02        5.7346e-01     
2.3338e+02        5.7592e-01     
2.3350e+02        5.7471e-01     
2.3363e+02        5.7673e-01     
2.3375e+02        5.7692e-01     
2.3388e+02        5.7737e-01     
2.3400e+02        5.7727e-01     
2.3413e+02        5.7752e-01     
2.3425e+02        5.7829e-01     
2.3438e+02        5.7857e-01     
2.3450e+02        5.7826e-01     
2.3463e+02        5.7885e-01     
2.3475e+02        5.7944e-01     
2.3488e+02        5.7937e-01     
2.3500e+02        5.7973e-01     
2.3513e+02        5.8026e-01     
2.3525e+02        5.8152e-01     
2.3538e+02        5.8173e-01     
2.3550e+02        5.8252e-01     
2.3563e+02        5.8031e-01     
2.3575e+02        5.8133e-01     
2.3588e+02        5.8141e-01     
2.3600e+02        5.8214e-01     
2.3613e+02        5.8244e-01     
2.3625e+02        5.8261e-01     
2.3638e+02        5.8299e-01     
2.3650e+02        5.8291e-01     
2.3663e+02        5.8333e-01     
2.3675e+02        5.8355e-01     
2.3688e+02        5.8378e-01     
2.3700e+02        5.8456e-01     
2.3713e+02        5.8442e-01     
2.3725e+02        5.8491e-01     
2.3738e+02        5.8529e-01     
2.3750e+02        5.8659e-01     
2.3763e+02        5.8564e-01     
2.3775e+02        5.8480e-01     
2.3788e+02        5.8616e-01     
2.3800e+02        5.8681e-01     
2.3813e+02        5.8661e-01     
2.3825e+02        5.8696e-01     
2.3838e+02        5.8774e-01     
2.3850e+02        5.8772e-01     
2.3863e+02        5.8797e-01     
2.3875e+02        5.8862e-01     
2.3888e+02        5.8924e-01     
2.3900e+02        5.8859e-01     
2.3913e+02        5.8947e-01     
2.3925e+02        5.8926e-01     
2.3938e+02        5.9008e-01     
2.3950e+02        5.8952e-01     
2.3963e+02        5.9011e-01     
2.3975e+02        5.8998e-01     
2.3988e+02        5.9091e-01     
2.4000e+02        5.9104e-01     
2.4013e+02        5.9165e-01     
2.4025e+02        5.9201e-01     
2.4038e+02        5.9197e-01     
2.4050e+02        5.9140e-01     
2.4063e+02        5.9231e-01     
2.4075e+02        5.9136e-01     
2.4088e+02        5.9328e-01     
2.4100e+02        5.9470e-01     
2.4113e+02        5.9585e-01     
2.4125e+02        5.9362e-01     
2.4138e+02        5.9289e-01     
2.4150e+02        5.9489e-01     
2.4163e+02        5.9396e-01     
2.4175e+02        5.9470e-01     
2.4188e+02        5.9606e-01     
2.4200e+02        5.9543e-01     
2.4213e+02        5.9569e-01     
2.4225e+02        5.9645e-01     
2.4238e+02        5.9655e-01     
2.4250e+02        5.9667e-01     
2.4263e+02        5.9717e-01     
2.4275e+02        5.9784e-01     
2.4288e+02        5.9823e-01     
2.4300e+02        5.9871e-01     
2.4313e+02        5.9777e-01     
2.4325e+02        5.9851e-01     
2.4338e+02        5.9815e-01     
2.4350e+02        6.0000e-01     
2.4363e+02        6.0052e-01     
2.4375e+02        5.9946e-01     
2.4388e+02        6.0127e-01     
2.4400e+02        1.0000e+00     
2.4413e+02        1.0000e+00     
2.4425e+02        1.0000e+00     
2.4438e+02        1.0000e+00     
2.4450e+02        1.0000e+00     
2.4463e+02        1.0000e+00     
2.4475e+02        1.0000e+00     
2.4488e+02        1.0000e+00     
2.4500e+02        1.0000e+00     
2.4513e+02        1.0000e+00     
2.4525e+02        1.0000e+00     
2.4538e+02        1.0000e+00     
2.4550e+02        1.0000e+00     
2.4563e+02        1.0000e+00     
2.4575e+02        1.0000e+00     
2.4588e+02        1.0000e+00     
2.4600e+02        1.0000e+00     
2.4613e+02        1.0000e+00     
2.4625e+02        1.0000e+00     
2.4638e+02        1.0000e+00     
2.4650e+02        1.0000e+00     
2.4663e+02        1.0000e+00     
2.4675e+02        1.0000e+00     
2.4688e+02        1.0000e+00     
2.4700e+02        1.0000e+00     
2.4713e+02        1.0000e+00     
2.4725e+02        1.0000e+00     
2.4738e+02        1.0000e+00     
2.4750e+02        1.0000e+00     
2.4763e+02        1.0000e+00     
2.4775e+02        1.0000e+00     
2.4788e+02        1.0000e+00     
2.4800e+02        1.0000e+00     
2.4813e+02        1.0000e+00     
2.4825e+02        1.0000e+00     
2.4838e+02        1.0000e+00     
2.4850e+02        1.0000e+00     
2.4863e+02        1.0000e+00     
2.4875e+02        1.0000e+00     
2.4888e+02        1.0000e+00     
2.4900e+02        1.0000e+00     
2.4913e+02        1.0000e+00     
2.4925e+02        1.0000e+00     
2.4938e+02        1.0000e+00     
2.4950e+02        1.0000e+00     
2.4963e+02        1.0000e+00     
2.4975e+02        1.0000e+00     
2.4988e+02        1.0000e+00     
2.5000e+02        1.0000e+00     
2.5013e+02        1.0000e+00     
2.5025e+02        1.0000e+00     
2.5038e+02        1.0000e+00     
2.5050e+02        1.0000e+00     
2.5063e+02        1.0000e+00     
2.5075e+02        1.0000e+00     
2.5088e+02        1.0000e+00     
2.5100e+02        1.0000e+00     
2.5113e+02        1.0000e+00     
2.5125e+02        1.0000e+00     
2.5138e+02        1.0000e+00     
2.5150e+02        1.0000e+00     
2.5163e+02        1.0000e+00     
2.5175e+02        1.0000e+00     
2.5188e+02        1.0000e+00     
2.5200e+02        1.0000e+00     
2.5213e+02        1.0000e+00     
2.5225e+02        1.0000e+00     
2.5238e+02        1.0000e+00     
2.5250e+02        1.0000e+00     
2.5263e+02        1.0000e+00     
2.5275e+02        1.0000e+00     
2.5288e+02        1.0000e+00     
2.5300e+02        1.0000e+00     
2.5313e+02        1.0000e+00     
2.5325e+02        1.0000e+00     
2.5338e+02        1.0000e+00     
2.5350e+02        1.0000e+00     
2.5363e+02        1.0000e+00     
2.5375e+02        1.0000e+00     
2.5388e+02        1.0000e+00     
2.5400e+02        1.0000e+00     
2.5413e+02        1.0000e+00     
2.5425e+02        1.0000e+00     
2.5438e+02        1.0000e+00     
2.5450e+02        1.0000e+00     
2.5463e+02        1.0000e+00     
2.5475e+02        1.0000e+00     
2.5488e+02        1.0000e+00     
2.5500e+02        1.0000e+00     
2.5513e+02        1.0000e+00     
2.5525e+02        1.0000e+00     
2.5538e+02        1.0000e+00     
2.5550e+02        1.0000e+00     
2.5563e+02        1.0000e+00     
2.5575e+02        1.0000e+00     
2.5588e+02        1.0000e+00     
2.5600e+02        1.0000e+00     
2.5613e+02        1.0000e+00     
2.5625e+02        1.0000e+00     
2.5638e+02        1.0000e+00     
2.5650e+02        1.0000e+00     
2.5663e+02        1.0000e+00     
2.5675e+02        1.0000e+00     
2.5688e+02        1.0000e+00     
2.5700e+02        1.0000e+00     
2.5713e+02        1.0000e+00     
2.5725e+02        1.0000e+00     
2.5738e+02        1.0000e+00     
2.5750e+02        1.0000e+00     
2.5763e+02        1.0000e+00     
2.5775e+02        1.0000e+00     
2.5788e+02        1.0000e+00     
2.5800e+02        1.0000e+00     
2.5813e+02        1.0000e+00     
2.5825e+02        1.0000e+00     
2.5838e+02        1.0000e+00     
2.5850e+02        1.0000e+00     
2.5863e+02        1.0000e+00     
2.5875e+02        1.0000e+00     
2.5888e+02        1.0000e+00     
2.5900e+02        1.0000e+00     
2.5913e+02        1.0000e+00     
2.5925e+02        1.0000e+00     
2.5938e+02        1.0000e+00     
2.5950e+02        1.0000e+00     
2.5963e+02        1.0000e+00     
2.5975e+02        1.0000e+00     
2.5988e+02        1.0000e+00     
2.6000e+02        1.0000e+00     
2.6013e+02        1.0000e+00     
2.6025e+02        1.0000e+00     
2.6038e+02        1.0000e+00     
2.6050e+02        1.0000e+00     
2.6063e+02        1.0000e+00     
2.6075e+02        1.0000e+00     
2.6088e+02        1.0000e+00     
2.6100e+02        1.0000e+00     
2.6113e+02        1.0000e+00     
2.6125e+02        1.0000e+00     
2.6138e+02        1.0000e+00     
2.6150e+02        1.0000e+00     
2.6163e+02        1.0000e+00     
2.6175e+02        1.0000e+00     
2.6188e+02        1.0000e+00     
2.6200e+02        1.0000e+00     
2.6213e+02        1.0000e+00     
2.6225e+02        1.0000e+00     
2.6238e+02        1.0000e+00     
2.6250e+02        1.0000e+00     
2.6263e+02        1.0000e+00     
2.6275e+02        1.0000e+00     
2.6288e+02        1.0000e+00     
2.6300e+02        1.0000e+00     
2.6313e+02        1.0000e+00     
2.6325e+02        1.0000e+00     
2.6338e+02        1.0000e+00     
2.6350e+02        1.0000e+00     
2.6363e+02        1.0000e+00     
2.6375e+02        1.0000e+00     
2.6388e+02        1.0000e+00     
2.6400e+02        1.0000e+00     
2.6413e+02        1.0000e+00     
2.6425e+02        1.0000e+00     
2.6438e+02        1.0000e+00     
2.6450e+02        1.0000e+00     
2.6463e+02        1.0000e+00     
2.6475e+02        1.0000e+00     
2.6488e+02        1.0000e+00     
2.6500e+02        1.0000e+00     
2.6513e+02        1.0000e+00     
2.6525e+02        1.0000e+00     
2.6538e+02        1.0000e+00     
2.6550e+02        1.0000e+00     
2.6563e+02        1.0000e+00     
2.6575e+02        1.0000e+00     
2.6588e+02        1.0000e+00     
2.6600e+02        1.0000e+00     
2.6613e+02        1.0000e+00     
2.6625e+02        1.0000e+00     
2.6638e+02        1.0000e+00     
2.6650e+02        1.0000e+00     
2.6663e+02        1.0000e+00     
2.6675e+02        1.0000e+00     
2.6688e+02        1.0000e+00     
2.6700e+02        1.0000e+00     
2.6713e+02        1.0000e+00     
2.6725e+02        1.0000e+00     
2.6738e+02        1.0000e+00     
2.6750e+02        1.0000e+00     
2.6763e+02        1.0000e+00     
2.6775e+02        1.0000e+00     
2.6788e+02        1.0000e+00     
2.6800e+02        1.0000e+00     
2.6813e+02        1.0000e+00     
2.6825e+02        1.0000e+00     
2.6838e+02        1.0000e+00     
2.6850e+02        1.0000e+00     
2.6863e+02        1.0000e+00     
2.6875e+02        1.0000e+00     
2.6888e+02        1.0000e+00     
2.6900e+02        1.0000e+00     
2.6913e+02        1.0000e+00     
2.6925e+02        1.0000e+00     
2.6938e+02        1.0000e+00     
2.6950e+02        1.0000e+00     
2.6963e+02        1.0000e+00     
2.6975e+02        1.0000e+00     
2.6988e+02        1.0000e+00     
2.7000e+02        1.0000e+00     
2.7013e+02        1.0000e+00     
2.7025e+02        1.0000e+00     
2.7038e+02        1.0000e+00     
2.7050e+02        1.0000e+00     
2.7063e+02        1.0000e+00     
2.7075e+02        1.0000e+00     
2.7088e+02        1.0000e+00     
2.7100e+02        1.0000e+00     
2.7113e+02        1.0000e+00     
2.7125e+02        1.0000e+00     
2.7138e+02        1.0000e+00     
2.7150e+02        1.0000e+00     
2.7163e+02        1.0000e+00     
2.7175e+02        1.0000e+00     
2.7188e+02        1.0000e+00     
2.7200e+02        1.0000e+00     
2.7213e+02        1.0000e+00     
2.7225e+02        1.0000e+00     
2.7238e+02        1.0000e+00     
2.7250e+02        1.0000e+00     
2.7263e+02        1.0000e+00     
2.7275e+02        1.0000e+00     
2.7288e+02        1.0000e+00     
2.7300e+02        1.0000e+00     
2.7313e+02        1.0000e+00     
2.7325e+02        1.0000e+00     
2.7338e+02        1.0000e+00     
2.7350e+02        1.0000e+00     
2.7363e+02        1.0000e+00     
2.7375e+02        1.0000e+00     
2.7388e+02        1.0000e+00     
2.7400e+02        1.0000e+00     
2.7413e+02        1.0000e+00     
2.7425e+02        1.0000e+00     
2.7438e+02        1.0000e+00     
2.7450e+02        1.0000e+00     
2.7463e+02        1.0000e+00     
2.7475e+02        1.0000e+00     
2.7488e+02        1.0000e+00     
2.7500e+02        1.0000e+00     
2.7513e+02        1.0000e+00     
2.7525e+02        1.0000e+00     
2.7538e+02        1.0000e+00     
2.7550e+02        1.0000e+00     
2.7563e+02        1.0000e+00     
2.7575e+02        1.0000e+00     
2.7588e+02        1.0000e+00     
2.7600e+02        1.0000e+00     
2.7613e+02        1.0000e+00     
2.7625e+02        1.0000e+00     
2.7638e+02        1.0000e+00     
2.7650e+02        1.0000e+00     
2.7663e+02        1.0000e+00     
2.7675e+02        1.0000e+00     
2.7688e+02        1.0000e+00     
2.7700e+02        1.0000e+00     
2.7713e+02        1.0000e+00     
2.7725e+02        1.0000e+00     
2.7738e+02        1.0000e+00     
2.7750e+02        1.0000e+00     
2.7763e+02        1.0000e+00     
2.7775e+02        1.0000e+00     
2.7788e+02        1.0000e+00     
2.7800e+02        1.0000e+00     
2.7813e+02        1.0000e+00     
2.7825e+02        1.0000e+00     
2.7838e+02        1.0000e+00     
2.7850e+02        1.0000e+00     
2.7863e+02        1.0000e+00     
2.7875e+02        1.0000e+00     
2.7888e+02        1.0000e+00     
2.7900e+02        1.0000e+00     
2.7913e+02        1.0000e+00     
2.7925e+02        1.0000e+00     
2.7938e+02        1.0000e+00     
2.7950e+02        1.0000e+00     
2.7963e+02        1.0000e+00     
2.7975e+02        1.0000e+00     
2.7988e+02        1.0000e+00     
2.8000e+02        1.0000e+00     
2.8013e+02        1.0000e+00     
2.8025e+02        1.0000e+00     
2.8038e+02        1.0000e+00     
2.8050e+02        1.0000e+00     
2.8063e+02        1.0000e+00     
2.8075e+02        1.0000e+00     
2.8088e+02        1.0000e+00     
2.8100e+02        1.0000e+00     
2.8113e+02        1.0000e+00     
2.8125e+02        1.0000e+00     
2.8138e+02        1.0000e+00     
2.8150e+02        1.0000e+00     
2.8163e+02        1.0000e+00     
2.8175e+02        1.0000e+00     
2.8188e+02        1.0000e+00     
2.8200e+02        1.0000e+00     
2.8213e+02        1.0000e+00     
2.8225e+02        1.0000e+00     
2.8238e+02        1.0000e+00     
2.8250e+02        1.0000e+00     
2.8263e+02        1.0000e+00     
2.8275e+02        1.0000e+00     
2.8288e+02        1.0000e+00     
2.8300e+02        1.0000e+00     
2.8313e+02        1.0000e+00     
2.8325e+02        1.0000e+00     
2.8338e+02        1.0000e+00     
2.8350e+02        1.0000e+00     
2.8363e+02        1.0000e+00     
2.8375e+02        1.0000e+00     
2.8388e+02        1.0000e+00     
2.8400e+02        1.0000e+00     
2.8413e+02        1.0000e+00     
2.8425e+02        1.0000e+00     
2.8438e+02        1.0000e+00     
2.8450e+02        1.0000e+00     
2.8463e+02        1.0000e+00     
2.8475e+02        1.0000e+00     
2.8488e+02        1.0000e+00     
2.8500e+02        1.0000e+00     
2.8513e+02        1.0000e+00     
2.8525e+02        1.0000e+00     
2.8538e+02        1.0000e+00     
2.8550e+02        1.0000e+00     
2.8563e+02        1.0000e+00     
2.8575e+02        1.0000e+00     
2.8588e+02        1.0000e+00     
2.8600e+02        1.0000e+00     
2.8613e+02        1.0000e+00     
2.8625e+02        1.0000e+00     
2.8638e+02        1.0000e+00     
2.8650e+02        1.0000e+00     
2.8663e+02        1.0000e+00     
2.8675e+02        1.0000e+00     
2.8688e+02        1.0000e+00     
2.8700e+02        1.0000e+00     
2.8713e+02        1.0000e+00     
2.8725e+02        1.0000e+00     
2.8738e+02        1.0000e+00     
2.8750e+02        1.0000e+00     
2.8763e+02        1.0000e+00     
2.8775e+02        1.0000e+00     
2.8788e+02        1.0000e+00     
2.8800e+02        1.0000e+00     
2.8813e+02        1.0000e+00     
2.8825e+02        1.0000e+00     
2.8838e+02        1.0000e+00     
2.8850e+02        1.0000e+00     
2.8863e+02        1.0000e+00     
2.8875e+02        1.0000e+00     
2.8888e+02        1.0000e+00     
2.8900e+02        1.0000e+00     
2.8913e+02        1.0000e+00     
2.8925e+02        1.0000e+00     
2.8938e+02        1.0000e+00     
2.8950e+02        1.0000e+00     
2.8963e+02        1.0000e+00     
2.8975e+02        1.0000e+00     
2.8988e+02        1.0000e+00     
2.9000e+02        1.0000e+00     
2.9013e+02        1.0000e+00     
2.9025e+02        1.0000e+00     
2.9038e+02        1.0000e+00     
2.9050e+02        1.0000e+00     
2.9063e+02        1.0000e+00     
2.9075e+02        1.0000e+00     
2.9088e+02        1.0000e+00     
2.9100e+02        1.0000e+00     
2.9113e+02        1.0000e+00     
2.9125e+02        1.0000e+00     
2.9138e+02        1.0000e+00     
2.9150e+02        1.0000e+00     
2.9163e+02        1.0000e+00     
2.9175e+02        1.0000e+00     
2.9188e+02        1.0000e+00     
2.9200e+02        1.0000e+00     
2.9213e+02        1.0000e+00     
2.9225e+02        1.0000e+00     
2.9238e+02        1.0000e+00     
2.9250e+02        1.0000e+00     
2.9263e+02        1.0000e+00     
2.9275e+02        1.0000e+00     
2.9288e+02        1.0000e+00     
2.9300e+02        1.0000e+00     
2.9313e+02        1.0000e+00     
2.9325e+02        1.0000e+00     
2.9338e+02        1.0000e+00     
2.9350e+02        1.0000e+00     
2.9363e+02        1.0000e+00     
2.9375e+02        1.0000e+00     
2.9388e+02        1.0000e+00     
2.9400e+02        1.0000e+00     
2.9413e+02        1.0000e+00     
2.9425e+02        1.0000e+00     
2.9438e+02        1.0000e+00     
2.9450e+02        1.0000e+00     
2.9463e+02        1.0000e+00     
2.9475e+02        1.0000e+00     
2.9488e+02        1.0000e+00     
2.9500e+02        1.0000e+00     
2.9513e+02        1.0000e+00     
2.9525e+02        1.0000e+00     
2.9538e+02        1.0000e+00     
2.9550e+02        1.0000e+00     
2.9563e+02        1.0000e+00     
2.9575e+02        1.0000e+00     
2.9588e+02        1.0000e+00     
2.9600e+02        1.0000e+00     
2.9613e+02        1.0000e+00     
2.9625e+02        1.0000e+00     
2.9638e+02        1.0000e+00     
2.9650e+02        1.0000e+00     
2.9663e+02        1.0000e+00     
2.9675e+02        1.0000e+00     
2.9688e+02        1.0000e+00     
2.9700e+02        1.0000e+00     
2.9713e+02        1.0000e+00     
2.9725e+02        1.0000e+00     
2.9738e+02        1.0000e+00     
2.9750e+02        1.0000e+00     
2.9763e+02        1.0000e+00     
2.9775e+02        1.0000e+00     
2.9788e+02        1.0000e+00     
2.9800e+02        1.0000e+00     
2.9813e+02        1.0000e+00     
2.9825e+02        1.0000e+00     
2.9838e+02        1.0000e+00     
2.9850e+02        1.0000e+00     
2.9863e+02        1.0000e+00     
2.9875e+02        1.0000e+00     
2.9888e+02        1.0000e+00     
2.9900e+02        1.0000e+00     
2.9913e+02        1.0000e+00     
2.9925e+02        1.0000e+00     
2.9938e+02        1.0000e+00     
2.9950e+02        1.0000e+00     
2.9963e+02        1.0000e+00     
2.9975e+02        1.0000e+00     
2.9988e+02        1.0000e+00     
3.0000e+02        1.0000e+00     
3.0013e+02        1.0000e+00     
3.0025e+02        1.0000e+00     
3.0038e+02        1.0000e+00     
3.0050e+02        1.0000e+00     
3.0063e+02        1.0000e+00     
3.0075e+02        1.0000e+00     
3.0088e+02        1.0000e+00     
3.0100e+02        1.0000e+00     
3.0113e+02        1.0000e+00     
3.0125e+02        1.0000e+00     
3.0138e+02        1.0000e+00     
3.0150e+02        1.0000e+00     
3.0163e+02        1.0000e+00     
3.0175e+02        1.0000e+00     
3.0188e+02        1.0000e+00     
3.0200e+02        1.0000e+00     
3.0213e+02        1.0000e+00     
3.0225e+02        1.0000e+00     
3.0238e+02        1.0000e+00     
3.0250e+02        1.0000e+00     
3.0263e+02        1.0000e+00     
3.0275e+02        1.0000e+00     
3.0288e+02        1.0000e+00     
3.0300e+02        1.0000e+00     
3.0313e+02        1.0000e+00     
3.0325e+02        1.0000e+00     
3.0338e+02        1.0000e+00     
3.0350e+02        1.0000e+00     
3.0363e+02        1.0000e+00     
3.0375e+02        1.0000e+00     
3.0388e+02        1.0000e+00     
3.0400e+02        1.0000e+00     
3.0413e+02        1.0000e+00     
3.0425e+02        1.0000e+00     
3.0438e+02        1.0000e+00     
3.0450e+02        1.0000e+00     
3.0463e+02        1.0000e+00     
3.0475e+02        1.0000e+00     
3.0488e+02        1.0000e+00     
3.0500e+02        1.0000e+00     
3.0513e+02        1.0000e+00     
3.0525e+02        1.0000e+00     
3.0538e+02        1.0000e+00     
3.0550e+02        1.0000e+00     
3.0563e+02        1.0000e+00     
3.0575e+02        1.0000e+00     
3.0588e+02        1.0000e+00     
3.0600e+02        1.0000e+00     
3.0613e+02        1.0000e+00     
3.0625e+02        1.0000e+00     
3.0638e+02        1.0000e+00     
3.0650e+02        1.0000e+00     
3.0663e+02        1.0000e+00     
3.0675e+02        1.0000e+00     
3.0688e+02        1.0000e+00     
3.0700e+02        1.0000e+00     
3.0713e+02        1.0000e+00     
3.0725e+02        1.0000e+00     
3.0738e+02        1.0000e+00     
3.0750e+02        1.0000e+00     
3.0763e+02        1.0000e+00     
3.0775e+02        1.0000e+00     
3.0788e+02        1.0000e+00     
3.0800e+02        1.0000e+00     
3.0813e+02        1.0000e+00     
3.0825e+02        1.0000e+00     
3.0838e+02        1.0000e+00     
3.0850e+02        1.0000e+00     
3.0863e+02        1.0000e+00     
3.0875e+02        1.0000e+00     
3.0888e+02        1.0000e+00     
3.0900e+02        1.0000e+00     
3.0913e+02        1.0000e+00     
3.0925e+02        1.0000e+00     
3.0938e+02        1.0000e+00     
3.0950e+02        1.0000e+00     
3.0963e+02        1.0000e+00     
3.0975e+02        1.0000e+00     
3.0988e+02        1.0000e+00     
3.1000e+02        1.0000e+00     
3.1013e+02        1.0000e+00     
3.1025e+02        1.0000e+00     
3.1038e+02        1.0000e+00     
3.1050e+02        1.0000e+00     
3.1063e+02        1.0000e+00     
3.1075e+02        1.0000e+00     
3.1088e+02        1.0000e+00     
3.1100e+02        1.0000e+00     
3.1113e+02        1.0000e+00     
3.1125e+02        1.0000e+00     
3.1138e+02        1.0000e+00     
3.1150e+02        1.0000e+00     
3.1163e+02        1.0000e+00     
3.1175e+02        1.0000e+00     
3.1188e+02        1.0000e+00     
3.1200e+02        1.0000e+00     
3.1213e+02        1.0000e+00     
3.1225e+02        1.0000e+00     
3.1238e+02        1.0000e+00     
3.1250e+02        1.0000e+00     
3.1263e+02        1.0000e+00     
3.1275e+02        1.0000e+00     
3.1288e+02        1.0000e+00     
3.1300e+02        1.0000e+00     
3.1313e+02        1.0000e+00     
3.1325e+02        1.0000e+00     
3.1338e+02        1.0000e+00     
3.1350e+02        1.0000e+00     
3.1363e+02        1.0000e+00     
3.1375e+02        1.0000e+00     
3.1388e+02        1.0000e+00     
3.1400e+02        1.0000e+00     
3.1413e+02        1.0000e+00     
3.1425e+02        1.0000e+00     
3.1438e+02        1.0000e+00     
3.1450e+02        1.0000e+00     
3.1463e+02        1.0000e+00     
3.1475e+02        1.0000e+00     
3.1488e+02        1.0000e+00     
3.1500e+02        1.0000e+00     
3.1513e+02        1.0000e+00     
3.1525e+02        1.0000e+00     
3.1538e+02        1.0000e+00     
3.1550e+02        1.0000e+00     
3.1563e+02        1.0000e+00     
3.1575e+02        1.0000e+00     
3.1588e+02        1.0000e+00     
3.1600e+02        1.0000e+00     
3.1613e+02        1.0000e+00     
3.1625e+02        1.0000e+00     
3.1638e+02        1.0000e+00     
3.1650e+02        1.0000e+00     
3.1663e+02        1.0000e+00     
3.1675e+02        1.0000e+00     
3.1688e+02        1.0000e+00     
3.1700e+02        1.0000e+00     
3.1713e+02        1.0000e+00     
3.1725e+02        1.0000e+00     
3.1738e+02        1.0000e+00     
3.1750e+02        1.0000e+00     
3.1763e+02        1.0000e+00     
3.1775e+02        1.0000e+00     
3.1788e+02        1.0000e+00     
3.1800e+02        1.0000e+00     
3.1813e+02        1.0000e+00     
3.1825e+02        1.0000e+00     
3.1838e+02        1.0000e+00     
3.1850e+02        1.0000e+00     
3.1863e+02        1.0000e+00     
3.1875e+02        1.0000e+00     
3.1888e+02        1.0000e+00     
3.1900e+02        1.0000e+00     
3.1913e+02        1.0000e+00     
3.1925e+02        1.0000e+00     
3.1938e+02        1.0000e+00     
3.1950e+02        1.0000e+00     
3.1963e+02        1.0000e+00     
3.1975e+02        1.0000e+00     
3.1988e+02        1.0000e+00     
3.2000e+02        1.0000e+00     
3.2013e+02        1.0000e+00     
3.2025e+02        1.0000e+00     
3.2038e+02        1.0000e+00     
3.2050e+02        1.0000e+00     
3.2063e+02        1.0000e+00     
3.2075e+02        1.0000e+00     
3.2088e+02        1.0000e+00     
3.2100e+02        1.0000e+00     
3.2113e+02        1.0000e+00     
3.2125e+02        1.0000e+00     
3.2138e+02        1.0000e+00     
3.2150e+02        1.0000e+00     
3.2163e+02        1.0000e+00     
3.2175e+02        1.0000e+00     
3.2188e+02        1.0000e+00     
3.2200e+02        1.0000e+00     
3.2213e+02        1.0000e+00     
3.2225e+02        1.0000e+00     
3.2238e+02        1.0000e+00     
3.2250e+02        1.0000e+00     
3.2263e+02        1.0000e+00     
3.2275e+02        1.0000e+00     
3.2288e+02        1.0000e+00     
3.2300e+02        1.0000e+00     
3.2313e+02        1.0000e+00     
3.2325e+02        1.0000e+00     
3.2338e+02        1.0000e+00     
3.2350e+02        1.0000e+00     
3.2363e+02        1.0000e+00     
3.2375e+02        1.0000e+00     
3.2388e+02        1.0000e+00     
3.2400e+02        1.0000e+00     
3.2413e+02        1.0000e+00     
3.2425e+02        1.0000e+00     
3.2438e+02        1.0000e+00     
3.2450e+02        1.0000e+00     
3.2463e+02        1.0000e+00     
3.2475e+02        1.0000e+00     
3.2488e+02        1.0000e+00     
3.2500e+02        1.0000e+00     
3.2513e+02        1.0000e+00     
3.2525e+02        1.0000e+00     
3.2538e+02        1.0000e+00     
3.2550e+02        1.0000e+00     
3.2563e+02        1.0000e+00     
3.2575e+02        1.0000e+00     
3.2588e+02        1.0000e+00     
3.2600e+02        1.0000e+00     
3.2613e+02        1.0000e+00     
3.2625e+02        1.0000e+00     
3.2638e+02        1.0000e+00     
3.2650e+02        1.0000e+00     
3.2663e+02        1.0000e+00     
3.2675e+02        1.0000e+00     
3.2688e+02        1.0000e+00     
3.2700e+02        1.0000e+00     
3.2713e+02        1.0000e+00     
3.2725e+02        1.0000e+00     
3.2738e+02        1.0000e+00     
3.2750e+02        1.0000e+00     
3.2763e+02        1.0000e+00     
3.2775e+02        1.0000e+00     
3.2788e+02        1.0000e+00     
3.2800e+02        1.0000e+00     
3.2813e+02        1.0000e+00     
3.2825e+02        1.0000e+00     
3.2838e+02        1.0000e+00     
3.2850e+02        1.0000e+00     
3.2863e+02        1.0000e+00     
3.2875e+02        1.0000e+00     
3.2888e+02        1.0000e+00     
3.2900e+02        1.0000e+00     
3.2913e+02        1.0000e+00     
3.2925e+02        1.0000e+00     
3.2938e+02        1.0000e+00     
3.2950e+02        1.0000e+00     
3.2963e+02        1.0000e+00     
3.2975e+02        1.0000e+00     
3.2988e+02        1.0000e+00     
3.3000e+02        1.0000e+00     
3.3013e+02        1.0000e+00     
3.3025e+02        1.0000e+00     
3.3038e+02        1.0000e+00     
3.3050e+02        1.0000e+00     
3.3063e+02        1.0000e+00     
3.3075e+02        1.0000e+00     
3.3088e+02        1.0000e+00     
3.3100e+02        1.0000e+00     
3.3113e+02        1.0000e+00     
3.3125e+02        1.0000e+00     
3.3138e+02        1.0000e+00     
3.3150e+02        1.0000e+00     
3.3163e+02        1.0000e+00     
3.3175e+02        1.0000e+00     
3.3188e+02        1.0000e+00     
3.3200e+02        1.0000e+00     
3.3213e+02        1.0000e+00     
3.3225e+02        1.0000e+00     
3.3238e+02        1.0000e+00     
3.3250e+02        1.0000e+00     
3.3263e+02        1.0000e+00     
3.3275e+02        1.0000e+00     
3.3288e+02        1.0000e+00     
3.3300e+02        1.0000e+00     
3.3313e+02        1.0000e+00     
3.3325e+02        1.0000e+00     
3.3338e+02        1.0000e+00     
3.3350e+02        1.0000e+00     
3.3363e+02        1.0000e+00     
3.3375e+02        1.0000e+00     
3.3388e+02        1.0000e+00     
3.3400e+02        1.0000e+00     
3.3413e+02        1.0000e+00     
3.3425e+02        1.0000e+00     
3.3438e+02        1.0000e+00     
3.3450e+02        1.0000e+00     
3.3463e+02        1.0000e+00     
3.3475e+02        1.0000e+00     
3.3488e+02        1.0000e+00     
3.3500e+02        1.0000e+00     
3.3513e+02        1.0000e+00     
3.3525e+02        1.0000e+00     
3.3538e+02        1.0000e+00     
3.3550e+02        1.0000e+00     
3.3563e+02        1.0000e+00     
3.3575e+02        1.0000e+00     
3.3588e+02        1.0000e+00     
3.3600e+02        1.0000e+00     
3.3613e+02        1.0000e+00     
3.3625e+02        1.0000e+00     
3.3638e+02        1.0000e+00     
3.3650e+02        1.0000e+00     
3.3663e+02        1.0000e+00     
3.3675e+02        1.0000e+00     
3.3688e+02        1.0000e+00     
3.3700e+02        1.0000e+00     
3.3713e+02        1.0000e+00     
3.3725e+02        1.0000e+00     
3.3738e+02        1.0000e+00     
3.3750e+02        1.0000e+00     
3.3763e+02        1.0000e+00     
3.3775e+02        1.0000e+00     
3.3788e+02        1.0000e+00     
3.3800e+02        1.0000e+00     
3.3813e+02        1.0000e+00     
3.3825e+02        1.0000e+00     
3.3838e+02        1.0000e+00     
3.3850e+02        1.0000e+00     
3.3863e+02        1.0000e+00     
3.3875e+02        1.0000e+00     
3.3888e+02        1.0000e+00     
3.3900e+02        1.0000e+00     
3.3913e+02        1.0000e+00     
3.3925e+02        1.0000e+00     
3.3938e+02        1.0000e+00     
3.3950e+02        1.0000e+00     
3.3963e+02        1.0000e+00     
3.3975e+02        1.0000e+00     
3.3988e+02        1.0000e+00     
3.4000e+02        1.0000e+00     
3.4013e+02        1.0000e+00     
3.4025e+02        1.0000e+00     
3.4038e+02        1.0000e+00     
3.4050e+02        1.0000e+00     
3.4063e+02        1.0000e+00     
3.4075e+02        1.0000e+00     
3.4088e+02        1.0000e+00     
3.4100e+02        1.0000e+00     
3.4113e+02        1.0000e+00     
3.4125e+02        1.0000e+00     
3.4138e+02        1.0000e+00     
3.4150e+02        1.0000e+00     
3.4163e+02        1.0000e+00     
3.4175e+02        1.0000e+00     
3.4188e+02        1.0000e+00     
3.4200e+02        1.0000e+00     
3.4213e+02        1.0000e+00     
3.4225e+02        1.0000e+00     
3.4238e+02        1.0000e+00     
3.4250e+02        1.0000e+00     
3.4263e+02        1.0000e+00     
3.4275e+02        1.0000e+00     
3.4288e+02        1.0000e+00     
3.4300e+02        1.0000e+00     
3.4313e+02        1.0000e+00     
3.4325e+02        1.0000e+00     
3.4338e+02        1.0000e+00     
3.4350e+02        1.0000e+00     
3.4363e+02        1.0000e+00     
3.4375e+02        1.0000e+00     
3.4388e+02        1.0000e+00     
3.4400e+02        1.0000e+00     
3.4413e+02        1.0000e+00     
3.4425e+02        1.0000e+00     
3.4438e+02        1.0000e+00     
3.4450e+02        1.0000e+00     
3.4463e+02        1.0000e+00     
3.4475e+02        1.0000e+00     
3.4488e+02        1.0000e+00     
3.4500e+02        1.0000e+00     
3.4513e+02        1.0000e+00     
3.4525e+02        1.0000e+00     
3.4538e+02        1.0000e+00     
3.4550e+02        1.0000e+00     
3.4563e+02        1.0000e+00     
3.4575e+02        1.0000e+00     
3.4588e+02        1.0000e+00     
3.4600e+02        1.0000e+00     
3.4613e+02        1.0000e+00     
3.4625e+02        1.0000e+00     
3.4638e+02        1.0000e+00     
3.4650e+02        1.0000e+00     
3.4663e+02        1.0000e+00     
3.4675e+02        1.0000e+00     
3.4688e+02        1.0000e+00     
3.4700e+02        1.0000e+00     
3.4713e+02        1.0000e+00     
3.4725e+02        1.0000e+00     
3.4738e+02        1.0000e+00     
3.4750e+02        1.0000e+00     
3.4763e+02        1.0000e+00     
3.4775e+02        1.0000e+00     
3.4788e+02        1.0000e+00     
3.4800e+02        1.0000e+00     
3.4813e+02        1.0000e+00     
3.4825e+02        1.0000e+00     
3.4838e+02        1.0000e+00     
3.4850e+02        1.0000e+00     
3.4863e+02        1.0000e+00     
3.4875e+02        1.0000e+00     
3.4888e+02        1.0000e+00     
3.4900e+02        1.0000e+00     
3.4913e+02        1.0000e+00     
3.4925e+02        1.0000e+00     
3.4938e+02        1.0000e+00     
3.4950e+02        1.0000e+00     
3.4963e+02        1.0000e+00     
3.4975e+02        1.0000e+00     
3.4988e+02        1.0000e+00     
3.5000e+02        1.0000e+00     
3.5013e+02        1.0000e+00     
3.5025e+02        1.0000e+00     
3.5038e+02        1.0000e+00     
3.5050e+02        1.0000e+00     
3.5063e+02        1.0000e+00     
3.5075e+02        1.0000e+00     
3.5088e+02        1.0000e+00     
3.5100e+02        1.0000e+00     
3.5113e+02        1.0000e+00     
3.5125e+02        1.0000e+00     
3.5138e+02        1.0000e+00     
3.5150e+02        1.0000e+00     
3.5163e+02        1.0000e+00     
3.5175e+02        1.0000e+00     
3.5188e+02        1.0000e+00     
3.5200e+02        1.0000e+00     
3.5213e+02        1.0000e+00     
3.5225e+02        1.0000e+00     
3.5238e+02        1.0000e+00     
3.5250e+02        1.0000e+00     
3.5263e+02        1.0000e+00     
3.5275e+02        1.0000e+00     
3.5288e+02        1.0000e+00     
3.5300e+02        1.0000e+00     
3.5313e+02        1.0000e+00     
3.5325e+02        1.0000e+00     
3.5338e+02        1.0000e+00     
3.5350e+02        1.0000e+00     
3.5363e+02        1.0000e+00     
3.5375e+02        1.0000e+00     
3.5388e+02        1.0000e+00     
3.5400e+02        1.0000e+00     
3.5413e+02        1.0000e+00     
3.5425e+02        1.0000e+00     
3.5438e+02        1.0000e+00     
3.5450e+02        1.0000e+00     
3.5463e+02        1.0000e+00     
3.5475e+02        1.0000e+00     
3.5488e+02        1.0000e+00     
3.5500e+02        1.0000e+00     
3.5513e+02        1.0000e+00     
3.5525e+02        1.0000e+00     
3.5538e+02        1.0000e+00     
3.5550e+02        1.0000e+00     
3.5563e+02        1.0000e+00     
3.5575e+02        1.0000e+00     
3.5588e+02        1.0000e+00     
3.5600e+02        1.0000e+00     
3.5613e+02        1.0000e+00     
3.5625e+02        1.0000e+00     
3.5638e+02        1.0000e+00     
3.5650e+02        1.0000e+00     
3.5663e+02        1.0000e+00     
3.5675e+02        1.0000e+00     
3.5688e+02        1.0000e+00     
3.5700e+02        1.0000e+00     
3.5713e+02        1.0000e+00     
3.5725e+02        1.0000e+00     
3.5738e+02        1.0000e+00     
3.5750e+02        1.0000e+00     
3.5763e+02        1.0000e+00     
3.5775e+02        1.0000e+00     
3.5788e+02        1.0000e+00     
3.5800e+02        1.0000e+00     
3.5813e+02        1.0000e+00     
3.5825e+02        1.0000e+00     
3.5838e+02        1.0000e+00     
3.5850e+02        1.0000e+00     
3.5863e+02        1.0000e+00     
3.5875e+02        1.0000e+00     
3.5888e+02        1.0000e+00     
3.5900e+02        1.0000e+00     
3.5913e+02        1.0000e+00     
3.5925e+02        1.0000e+00     
3.5938e+02        1.0000e+00     
3.5950e+02        1.0000e+00     
3.5963e+02        1.0000e+00     
3.5975e+02        1.0000e+00     
3.5988e+02        1.0000e+00     
3.6000e+02        1.0000e+00     
3.6013e+02        1.0000e+00     
3.6025e+02        1.0000e+00     
3.6038e+02        1.0000e+00     
3.6050e+02        1.0000e+00     
3.6063e+02        1.0000e+00     
3.6075e+02        1.0000e+00     
3.6088e+02        1.0000e+00     
3.6100e+02        1.0000e+00     
3.6113e+02        1.0000e+00     
3.6125e+02        1.0000e+00     
3.6138e+02        1.0000e+00     
3.6150e+02        1.0000e+00     
3.6163e+02        1.0000e+00     
3.6175e+02        1.0000e+00     
3.6188e+02        1.0000e+00     
3.6200e+02        1.0000e+00     
3.6213e+02        1.0000e+00     
3.6225e+02        1.0000e+00     
3.6238e+02        1.0000e+00     
3.6250e+02        1.0000e+00     
3.6263e+02        1.0000e+00     
3.6275e+02        1.0000e+00     
3.6288e+02        1.0000e+00     
3.6300e+02        1.0000e+00     
3.6313e+02        1.0000e+00     
3.6325e+02        1.0000e+00     
3.6338e+02        1.0000e+00     
3.6350e+02        1.0000e+00     
3.6363e+02        1.0000e+00     
3.6375e+02        1.0000e+00     
3.6388e+02        1.0000e+00     
3.6400e+02        1.0000e+00     
3.6413e+02        1.0000e+00     
3.6425e+02        1.0000e+00     
3.6438e+02        1.0000e+00     
3.6450e+02        1.0000e+00     
3.6463e+02        1.0000e+00     
3.6475e+02        1.0000e+00     
3.6488e+02        1.0000e+00     
3.6500e+02        1.0000e+00     
3.6513e+02        1.0000e+00     
3.6525e+02        1.0000e+00     
3.6538e+02        1.0000e+00     
3.6550e+02        1.0000e+00     
3.6563e+02        1.0000e+00     
3.6575e+02        1.0000e+00     
3.6588e+02        1.0000e+00     
3.6600e+02        1.0000e+00     
3.6613e+02        1.0000e+00     
3.6625e+02        1.0000e+00     
3.6638e+02        1.0000e+00     
3.6650e+02        1.0000e+00     
3.6663e+02        1.0000e+00     
3.6675e+02        1.0000e+00     
3.6688e+02        1.0000e+00     
3.6700e+02        1.0000e+00     
3.6713e+02        1.0000e+00     
3.6725e+02        1.0000e+00     
3.6738e+02        1.0000e+00     
3.6750e+02        1.0000e+00     
3.6763e+02        1.0000e+00     
3.6775e+02        1.0000e+00     
3.6788e+02        1.0000e+00     
3.6800e+02        1.0000e+00     
3.6813e+02        1.0000e+00     
3.6825e+02        1.0000e+00     
3.6838e+02        1.0000e+00     
3.6850e+02        1.0000e+00     
3.6863e+02        1.0000e+00     
3.6875e+02        1.0000e+00     
3.6888e+02        1.0000e+00     
3.6900e+02        1.0000e+00     
3.6913e+02        1.0000e+00     
3.6925e+02        1.0000e+00     
3.6938e+02        1.0000e+00     
3.6950e+02        1.0000e+00     
3.6963e+02        1.0000e+00     
3.6975e+02        1.0000e+00     
3.6988e+02        1.0000e+00     
3.7000e+02        1.0000e+00     
3.7013e+02        1.0000e+00     
3.7025e+02        1.0000e+00     
3.7038e+02        1.0000e+00     
3.7050e+02        1.0000e+00     
3.7063e+02        1.0000e+00     
3.7075e+02        1.0000e+00     
3.7088e+02        1.0000e+00     
3.7100e+02        1.0000e+00     
3.7113e+02        1.0000e+00     
3.7125e+02        1.0000e+00     
3.7138e+02        1.0000e+00     
3.7150e+02        1.0000e+00     
3.7163e+02        1.0000e+00     
3.7175e+02        1.0000e+00     
3.7188e+02        1.0000e+00     
3.7200e+02        1.0000e+00     
3.7213e+02        1.0000e+00     
3.7225e+02        1.0000e+00     
3.7238e+02        1.0000e+00     
3.7250e+02        1.0000e+00     
3.7263e+02        1.0000e+00     
3.7275e+02        1.0000e+00     
3.7288e+02        1.0000e+00     
3.7300e+02        1.0000e+00     
3.7313e+02        1.0000e+00     
3.7325e+02        1.0000e+00     
3.7338e+02        1.0000e+00     
3.7350e+02        1.0000e+00     
3.7363e+02        1.0000e+00     
3.7375e+02        1.0000e+00     
3.7388e+02        1.0000e+00     
3.7400e+02        1.0000e+00     
3.7413e+02        1.0000e+00     
3.7425e+02        1.0000e+00     
3.7438e+02        1.0000e+00     
3.7450e+02        1.0000e+00     
3.7463e+02        1.0000e+00     
3.7475e+02        1.0000e+00     
3.7488e+02        1.0000e+00     
3.7500e+02        1.0000e+00     
3.7513e+02        1.0000e+00     
3.7525e+02        1.0000e+00     
3.7538e+02        1.0000e+00     
3.7550e+02        1.0000e+00     
3.7563e+02        1.0000e+00     
3.7575e+02        1.0000e+00     
3.7588e+02        1.0000e+00     
3.7600e+02        1.0000e+00     
3.7613e+02        1.0000e+00     
3.7625e+02        1.0000e+00     
3.7638e+02        1.0000e+00     
3.7650e+02        1.0000e+00     
3.7663e+02        1.0000e+00     
3.7675e+02        1.0000e+00     
3.7688e+02        1.0000e+00     
3.7700e+02        1.0000e+00     
3.7713e+02        1.0000e+00     
3.7725e+02        1.0000e+00     
3.7738e+02        1.0000e+00     
3.7750e+02        1.0000e+00     
3.7763e+02        1.0000e+00     
3.7775e+02        1.0000e+00     
3.7788e+02        1.0000e+00     
3.7800e+02        1.0000e+00     
3.7813e+02        1.0000e+00     
3.7825e+02        1.0000e+00     
3.7838e+02        1.0000e+00     
3.7850e+02        1.0000e+00     
3.7863e+02        1.0000e+00     
3.7875e+02        1.0000e+00     
3.7888e+02        1.0000e+00     
3.7900e+02        1.0000e+00     
3.7913e+02        1.0000e+00     
3.7925e+02        1.0000e+00     
3.7938e+02        1.0000e+00     
3.7950e+02        1.0000e+00     
3.7963e+02        1.0000e+00     
3.7975e+02        1.0000e+00     
3.7988e+02        1.0000e+00     
3.8000e+02        1.0000e+00     
3.8013e+02        1.0000e+00     
3.8025e+02        1.0000e+00     
3.8038e+02        1.0000e+00     
3.8050e+02        1.0000e+00     
3.8063e+02        1.0000e+00     
3.8075e+02        1.0000e+00     
3.8088e+02        1.0000e+00     
3.8100e+02        1.0000e+00     
3.8113e+02        1.0000e+00     
3.8125e+02        1.0000e+00     
3.8138e+02        1.0000e+00     
3.8150e+02        1.0000e+00     
3.8163e+02        1.0000e+00     
3.8175e+02        1.0000e+00     
3.8188e+02        1.0000e+00     
3.8200e+02        1.0000e+00     
3.8213e+02        1.0000e+00     
3.8225e+02        1.0000e+00     
3.8238e+02        1.0000e+00     
3.8250e+02        1.0000e+00     
3.8263e+02        1.0000e+00     
3.8275e+02        1.0000e+00     
3.8288e+02        1.0000e+00     
3.8300e+02        1.0000e+00     
3.8313e+02        1.0000e+00     
3.8325e+02        1.0000e+00     
3.8338e+02        1.0000e+00     
3.8350e+02        1.0000e+00     
3.8363e+02        1.0000e+00     
3.8375e+02        1.0000e+00     
3.8388e+02        1.0000e+00     
3.8400e+02        1.0000e+00     
3.8413e+02        1.0000e+00     
3.8425e+02        1.0000e+00     
3.8438e+02        1.0000e+00     
3.8450e+02        1.0000e+00     
3.8463e+02        1.0000e+00     
3.8475e+02        1.0000e+00     
3.8488e+02        1.0000e+00     
3.8500e+02        1.0000e+00     
3.8513e+02        1.0000e+00     
3.8525e+02        1.0000e+00     
3.8538e+02        1.0000e+00     
3.8550e+02        1.0000e+00     
3.8563e+02        1.0000e+00     
3.8575e+02        1.0000e+00     
3.8588e+02        1.0000e+00     
3.8600e+02        1.0000e+00     
3.8613e+02        1.0000e+00     
3.8625e+02        1.0000e+00     
3.8638e+02        1.0000e+00     
3.8650e+02        1.0000e+00     
3.8663e+02        1.0000e+00     
3.8675e+02        1.0000e+00     
3.8688e+02        1.0000e+00     
3.8700e+02        1.0000e+00     
3.8713e+02        1.0000e+00     
3.8725e+02        1.0000e+00     
3.8738e+02        1.0000e+00     
3.8750e+02        1.0000e+00     
3.8763e+02        1.0000e+00     
3.8775e+02        1.0000e+00     
3.8788e+02        1.0000e+00     
3.8800e+02        1.0000e+00     
3.8813e+02        1.0000e+00     
3.8825e+02        1.0000e+00     
3.8838e+02        1.0000e+00     
3.8850e+02        1.0000e+00     
3.8863e+02        1.0000e+00     
3.8875e+02        1.0000e+00     
3.8888e+02        1.0000e+00     
3.8900e+02        1.0000e+00     
3.8913e+02        1.0000e+00     
3.8925e+02        1.0000e+00     
3.8938e+02        1.0000e+00     
3.8950e+02        1.0000e+00     
3.8963e+02        1.0000e+00     
3.8975e+02        1.0000e+00     
3.8988e+02        1.0000e+00     
3.9000e+02        1.0000e+00     
3.9013e+02        1.0000e+00     
3.9025e+02        1.0000e+00     
3.9038e+02        1.0000e+00     
3.9050e+02        1.0000e+00     
3.9063e+02        1.0000e+00     
3.9075e+02        1.0000e+00     
3.9088e+02        1.0000e+00     
3.9100e+02        1.0000e+00     
3.9113e+02        1.0000e+00     
3.9125e+02        1.0000e+00     
3.9138e+02        1.0000e+00     
3.9150e+02        1.0000e+00     
3.9163e+02        1.0000e+00     
3.9175e+02        1.0000e+00     
3.9188e+02        1.0000e+00     
3.9200e+02        1.0000e+00     
3.9213e+02        1.0000e+00     
3.9225e+02        1.0000e+00     
3.9238e+02        1.0000e+00     
3.9250e+02        1.0000e+00     
3.9263e+02        1.0000e+00     
3.9275e+02        1.0000e+00     
3.9288e+02        1.0000e+00     
3.9300e+02        1.0000e+00     
3.9313e+02        1.0000e+00     
3.9325e+02        1.0000e+00     
3.9338e+02        1.0000e+00     
3.9350e+02        1.0000e+00     
3.9363e+02        1.0000e+00     
3.9375e+02        1.0000e+00     
3.9388e+02        1.0000e+00     
3.9400e+02        1.0000e+00     
3.9413e+02        1.0000e+00     
3.9425e+02        1.0000e+00     
3.9438e+02        1.0000e+00     
3.9450e+02        1.0000e+00     
3.9463e+02        1.0000e+00     
3.9475e+02        1.0000e+00     
3.9488e+02        1.0000e+00     
3.9500e+02        1.0000e+00     
3.9513e+02        1.0000e+00     
3.9525e+02        1.0000e+00     
3.9538e+02        1.0000e+00     
3.9550e+02        1.0000e+00     
3.9563e+02        1.0000e+00     
3.9575e+02        1.0000e+00     
3.9588e+02        1.0000e+00     
3.9600e+02        1.0000e+00     
3.9613e+02        1.0000e+00     
3.9625e+02        1.0000e+00     
3.9638e+02        1.0000e+00     
3.9650e+02        1.0000e+00     
3.9663e+02        1.0000e+00     
3.9675e+02        1.0000e+00     
3.9688e+02        1.0000e+00     
3.9700e+02        1.0000e+00     
3.9713e+02        1.0000e+00     
3.9725e+02        1.0000e+00     
3.9738e+02        1.0000e+00     
3.9750e+02        1.0000e+00     
3.9763e+02        1.0000e+00     
3.9775e+02        1.0000e+00     
