O3_+_hv_=>_O1D_+_O2.txt
wavelength          200K                225K                250K                275K                300K                
1.17790000e+02      2.90000000e-01      2.90000000e-01      2.90000000e-01      2.90000000e-01      2.90000000e-01      
1.17920000e+02      2.90000000e-01      2.90000000e-01      2.90000000e-01      2.90000000e-01      2.90000000e-01      
1.18060000e+02      2.90000000e-01      2.90000000e-01      2.90000000e-01      2.90000000e-01      2.90000000e-01      
1.18200000e+02      2.90000000e-01      2.90000000e-01      2.90000000e-01      2.90000000e-01      2.90000000e-01      
1.18340000e+02      2.90000000e-01      2.90000000e-01      2.90000000e-01      2.90000000e-01      2.90000000e-01      
1.18480000e+02      2.90000000e-01      2.90000000e-01      2.90000000e-01      2.90000000e-01      2.90000000e-01      
1.18620000e+02      2.90000000e-01      2.90000000e-01      2.90000000e-01      2.90000000e-01      2.90000000e-01      
1.18760000e+02      2.90000000e-01      2.90000000e-01      2.90000000e-01      2.90000000e-01      2.90000000e-01      
1.18910000e+02      2.90000000e-01      2.90000000e-01      2.90000000e-01      2.90000000e-01      2.90000000e-01      
1.19050000e+02      2.90000000e-01      2.90000000e-01      2.90000000e-01      2.90000000e-01      2.90000000e-01      
1.19190000e+02      2.90000000e-01      2.90000000e-01      2.90000000e-01      2.90000000e-01      2.90000000e-01      
1.19330000e+02      2.90000000e-01      2.90000000e-01      2.90000000e-01      2.90000000e-01      2.90000000e-01      
1.19470000e+02      2.90000000e-01      2.90000000e-01      2.90000000e-01      2.90000000e-01      2.90000000e-01      
1.19620000e+02      2.90000000e-01      2.90000000e-01      2.90000000e-01      2.90000000e-01      2.90000000e-01      
1.19760000e+02      2.90000000e-01      2.90000000e-01      2.90000000e-01      2.90000000e-01      2.90000000e-01      
1.19900000e+02      2.90000000e-01      2.90000000e-01      2.90000000e-01      2.90000000e-01      2.90000000e-01      
1.20050000e+02      2.90000000e-01      2.90000000e-01      2.90000000e-01      2.90000000e-01      2.90000000e-01      
1.20190000e+02      2.90000000e-01      2.90000000e-01      2.90000000e-01      2.90000000e-01      2.90000000e-01      
1.20340000e+02      2.90000000e-01      2.90000000e-01      2.90000000e-01      2.90000000e-01      2.90000000e-01      
1.20480000e+02      2.90000000e-01      2.90000000e-01      2.90000000e-01      2.90000000e-01      2.90000000e-01      
1.20630000e+02      2.90000000e-01      2.90000000e-01      2.90000000e-01      2.90000000e-01      2.90000000e-01      
1.20770000e+02      2.90000000e-01      2.90000000e-01      2.90000000e-01      2.90000000e-01      2.90000000e-01      
1.20920000e+02      2.90000000e-01      2.90000000e-01      2.90000000e-01      2.90000000e-01      2.90000000e-01      
1.21070000e+02      2.90000000e-01      2.90000000e-01      2.90000000e-01      2.90000000e-01      2.90000000e-01      
1.21210000e+02      2.90000000e-01      2.90000000e-01      2.90000000e-01      2.90000000e-01      2.90000000e-01      
1.21360000e+02      2.90000000e-01      2.90000000e-01      2.90000000e-01      2.90000000e-01      2.90000000e-01      
1.21510000e+02      2.90000000e-01      2.90000000e-01      2.90000000e-01      2.90000000e-01      2.90000000e-01      
1.21650000e+02      2.90000000e-01      2.90000000e-01      2.90000000e-01      2.90000000e-01      2.90000000e-01      
1.21800000e+02      2.90000000e-01      2.90000000e-01      2.90000000e-01      2.90000000e-01      2.90000000e-01      
1.21950000e+02      2.90000000e-01      2.90000000e-01      2.90000000e-01      2.90000000e-01      2.90000000e-01      
1.22100000e+02      2.90000000e-01      2.90000000e-01      2.90000000e-01      2.90000000e-01      2.90000000e-01      
1.22250000e+02      2.90000000e-01      2.90000000e-01      2.90000000e-01      2.90000000e-01      2.90000000e-01      
1.22400000e+02      2.90000000e-01      2.90000000e-01      2.90000000e-01      2.90000000e-01      2.90000000e-01      
1.22550000e+02      2.90000000e-01      2.90000000e-01      2.90000000e-01      2.90000000e-01      2.90000000e-01      
1.22700000e+02      2.90000000e-01      2.90000000e-01      2.90000000e-01      2.90000000e-01      2.90000000e-01      
1.22850000e+02      2.90000000e-01      2.90000000e-01      2.90000000e-01      2.90000000e-01      2.90000000e-01      
1.23000000e+02      2.90000000e-01      2.90000000e-01      2.90000000e-01      2.90000000e-01      2.90000000e-01      
1.23150000e+02      2.90000000e-01      2.90000000e-01      2.90000000e-01      2.90000000e-01      2.90000000e-01      
1.23300000e+02      2.90000000e-01      2.90000000e-01      2.90000000e-01      2.90000000e-01      2.90000000e-01      
1.23460000e+02      2.90000000e-01      2.90000000e-01      2.90000000e-01      2.90000000e-01      2.90000000e-01      
1.23610000e+02      2.90000000e-01      2.90000000e-01      2.90000000e-01      2.90000000e-01      2.90000000e-01      
1.23760000e+02      2.90000000e-01      2.90000000e-01      2.90000000e-01      2.90000000e-01      2.90000000e-01      
1.23920000e+02      2.90000000e-01      2.90000000e-01      2.90000000e-01      2.90000000e-01      2.90000000e-01      
1.24070000e+02      2.90000000e-01      2.90000000e-01      2.90000000e-01      2.90000000e-01      2.90000000e-01      
1.24220000e+02      2.90000000e-01      2.90000000e-01      2.90000000e-01      2.90000000e-01      2.90000000e-01      
1.24380000e+02      2.90000000e-01      2.90000000e-01      2.90000000e-01      2.90000000e-01      2.90000000e-01      
1.24530000e+02      2.90000000e-01      2.90000000e-01      2.90000000e-01      2.90000000e-01      2.90000000e-01      
1.24690000e+02      2.90000000e-01      2.90000000e-01      2.90000000e-01      2.90000000e-01      2.90000000e-01      
1.24840000e+02      2.90000000e-01      2.90000000e-01      2.90000000e-01      2.90000000e-01      2.90000000e-01      
1.25000000e+02      2.90000000e-01      2.90000000e-01      2.90000000e-01      2.90000000e-01      2.90000000e-01      
1.25160000e+02      2.90000000e-01      2.90000000e-01      2.90000000e-01      2.90000000e-01      2.90000000e-01      
1.25310000e+02      2.90000000e-01      2.90000000e-01      2.90000000e-01      2.90000000e-01      2.90000000e-01      
1.25470000e+02      2.90000000e-01      2.90000000e-01      2.90000000e-01      2.90000000e-01      2.90000000e-01      
1.25630000e+02      2.90000000e-01      2.90000000e-01      2.90000000e-01      2.90000000e-01      2.90000000e-01      
1.25790000e+02      2.90000000e-01      2.90000000e-01      2.90000000e-01      2.90000000e-01      2.90000000e-01      
1.25940000e+02      2.90000000e-01      2.90000000e-01      2.90000000e-01      2.90000000e-01      2.90000000e-01      
1.26100000e+02      2.90000000e-01      2.90000000e-01      2.90000000e-01      2.90000000e-01      2.90000000e-01      
1.26260000e+02      2.90000000e-01      2.90000000e-01      2.90000000e-01      2.90000000e-01      2.90000000e-01      
1.26420000e+02      2.90000000e-01      2.90000000e-01      2.90000000e-01      2.90000000e-01      2.90000000e-01      
1.26580000e+02      2.90000000e-01      2.90000000e-01      2.90000000e-01      2.90000000e-01      2.90000000e-01      
1.26740000e+02      2.90000000e-01      2.90000000e-01      2.90000000e-01      2.90000000e-01      2.90000000e-01      
1.26900000e+02      2.90000000e-01      2.90000000e-01      2.90000000e-01      2.90000000e-01      2.90000000e-01      
1.27060000e+02      2.90000000e-01      2.90000000e-01      2.90000000e-01      2.90000000e-01      2.90000000e-01      
1.27230000e+02      2.90000000e-01      2.90000000e-01      2.90000000e-01      2.90000000e-01      2.90000000e-01      
1.27390000e+02      2.90000000e-01      2.90000000e-01      2.90000000e-01      2.90000000e-01      2.90000000e-01      
1.27550000e+02      2.90000000e-01      2.90000000e-01      2.90000000e-01      2.90000000e-01      2.90000000e-01      
1.27710000e+02      2.90000000e-01      2.90000000e-01      2.90000000e-01      2.90000000e-01      2.90000000e-01      
1.27880000e+02      2.90000000e-01      2.90000000e-01      2.90000000e-01      2.90000000e-01      2.90000000e-01      
1.28040000e+02      2.90000000e-01      2.90000000e-01      2.90000000e-01      2.90000000e-01      2.90000000e-01      
1.28210000e+02      2.90000000e-01      2.90000000e-01      2.90000000e-01      2.90000000e-01      2.90000000e-01      
1.28370000e+02      2.90000000e-01      2.90000000e-01      2.90000000e-01      2.90000000e-01      2.90000000e-01      
1.28530000e+02      2.90000000e-01      2.90000000e-01      2.90000000e-01      2.90000000e-01      2.90000000e-01      
1.28700000e+02      2.90000000e-01      2.90000000e-01      2.90000000e-01      2.90000000e-01      2.90000000e-01      
1.28870000e+02      2.90000000e-01      2.90000000e-01      2.90000000e-01      2.90000000e-01      2.90000000e-01      
1.29030000e+02      2.90000000e-01      2.90000000e-01      2.90000000e-01      2.90000000e-01      2.90000000e-01      
1.29200000e+02      2.90000000e-01      2.90000000e-01      2.90000000e-01      2.90000000e-01      2.90000000e-01      
1.29370000e+02      2.90000000e-01      2.90000000e-01      2.90000000e-01      2.90000000e-01      2.90000000e-01      
1.29530000e+02      2.90000000e-01      2.90000000e-01      2.90000000e-01      2.90000000e-01      2.90000000e-01      
1.29700000e+02      2.90000000e-01      2.90000000e-01      2.90000000e-01      2.90000000e-01      2.90000000e-01      
1.29870000e+02      2.90000000e-01      2.90000000e-01      2.90000000e-01      2.90000000e-01      2.90000000e-01      
1.30040000e+02      2.90000000e-01      2.90000000e-01      2.90000000e-01      2.90000000e-01      2.90000000e-01      
1.30210000e+02      2.90000000e-01      2.90000000e-01      2.90000000e-01      2.90000000e-01      2.90000000e-01      
1.30380000e+02      2.90000000e-01      2.90000000e-01      2.90000000e-01      2.90000000e-01      2.90000000e-01      
1.30550000e+02      2.90000000e-01      2.90000000e-01      2.90000000e-01      2.90000000e-01      2.90000000e-01      
1.30720000e+02      2.90000000e-01      2.90000000e-01      2.90000000e-01      2.90000000e-01      2.90000000e-01      
1.30890000e+02      2.90000000e-01      2.90000000e-01      2.90000000e-01      2.90000000e-01      2.90000000e-01      
1.31060000e+02      2.90000000e-01      2.90000000e-01      2.90000000e-01      2.90000000e-01      2.90000000e-01      
1.31230000e+02      2.90000000e-01      2.90000000e-01      2.90000000e-01      2.90000000e-01      2.90000000e-01      
1.31410000e+02      2.90000000e-01      2.90000000e-01      2.90000000e-01      2.90000000e-01      2.90000000e-01      
1.31580000e+02      2.90000000e-01      2.90000000e-01      2.90000000e-01      2.90000000e-01      2.90000000e-01      
1.31750000e+02      2.90000000e-01      2.90000000e-01      2.90000000e-01      2.90000000e-01      2.90000000e-01      
1.31930000e+02      2.90000000e-01      2.90000000e-01      2.90000000e-01      2.90000000e-01      2.90000000e-01      
1.32100000e+02      2.90000000e-01      2.90000000e-01      2.90000000e-01      2.90000000e-01      2.90000000e-01      
1.32280000e+02      2.90000000e-01      2.90000000e-01      2.90000000e-01      2.90000000e-01      2.90000000e-01      
1.32450000e+02      2.90000000e-01      2.90000000e-01      2.90000000e-01      2.90000000e-01      2.90000000e-01      
1.32630000e+02      2.90000000e-01      2.90000000e-01      2.90000000e-01      2.90000000e-01      2.90000000e-01      
1.32800000e+02      2.90000000e-01      2.90000000e-01      2.90000000e-01      2.90000000e-01      2.90000000e-01      
1.32980000e+02      2.90000000e-01      2.90000000e-01      2.90000000e-01      2.90000000e-01      2.90000000e-01      
1.33160000e+02      2.90000000e-01      2.90000000e-01      2.90000000e-01      2.90000000e-01      2.90000000e-01      
1.33330000e+02      2.90000000e-01      2.90000000e-01      2.90000000e-01      2.90000000e-01      2.90000000e-01      
1.33510000e+02      2.90000000e-01      2.90000000e-01      2.90000000e-01      2.90000000e-01      2.90000000e-01      
1.33690000e+02      2.90000000e-01      2.90000000e-01      2.90000000e-01      2.90000000e-01      2.90000000e-01      
1.33870000e+02      2.90000000e-01      2.90000000e-01      2.90000000e-01      2.90000000e-01      2.90000000e-01      
1.34050000e+02      2.90000000e-01      2.90000000e-01      2.90000000e-01      2.90000000e-01      2.90000000e-01      
1.34230000e+02      2.90000000e-01      2.90000000e-01      2.90000000e-01      2.90000000e-01      2.90000000e-01      
1.34410000e+02      2.90000000e-01      2.90000000e-01      2.90000000e-01      2.90000000e-01      2.90000000e-01      
1.34590000e+02      2.90000000e-01      2.90000000e-01      2.90000000e-01      2.90000000e-01      2.90000000e-01      
1.34770000e+02      2.90000000e-01      2.90000000e-01      2.90000000e-01      2.90000000e-01      2.90000000e-01      
1.34950000e+02      2.90000000e-01      2.90000000e-01      2.90000000e-01      2.90000000e-01      2.90000000e-01      
1.35140000e+02      2.90000000e-01      2.90000000e-01      2.90000000e-01      2.90000000e-01      2.90000000e-01      
1.35320000e+02      2.90000000e-01      2.90000000e-01      2.90000000e-01      2.90000000e-01      2.90000000e-01      
1.35500000e+02      2.90000000e-01      2.90000000e-01      2.90000000e-01      2.90000000e-01      2.90000000e-01      
1.35690000e+02      2.90000000e-01      2.90000000e-01      2.90000000e-01      2.90000000e-01      2.90000000e-01      
1.35870000e+02      2.90000000e-01      2.90000000e-01      2.90000000e-01      2.90000000e-01      2.90000000e-01      
1.36050000e+02      2.90000000e-01      2.90000000e-01      2.90000000e-01      2.90000000e-01      2.90000000e-01      
1.36240000e+02      2.90000000e-01      2.90000000e-01      2.90000000e-01      2.90000000e-01      2.90000000e-01      
1.36430000e+02      2.90000000e-01      2.90000000e-01      2.90000000e-01      2.90000000e-01      2.90000000e-01      
1.36610000e+02      2.90000000e-01      2.90000000e-01      2.90000000e-01      2.90000000e-01      2.90000000e-01      
1.36800000e+02      2.90000000e-01      2.90000000e-01      2.90000000e-01      2.90000000e-01      2.90000000e-01      
1.36990000e+02      2.90000000e-01      2.90000000e-01      2.90000000e-01      2.90000000e-01      2.90000000e-01      
1.37170000e+02      2.90000000e-01      2.90000000e-01      2.90000000e-01      2.90000000e-01      2.90000000e-01      
1.37360000e+02      2.90000000e-01      2.90000000e-01      2.90000000e-01      2.90000000e-01      2.90000000e-01      
1.37550000e+02      2.90000000e-01      2.90000000e-01      2.90000000e-01      2.90000000e-01      2.90000000e-01      
1.37740000e+02      2.90000000e-01      2.90000000e-01      2.90000000e-01      2.90000000e-01      2.90000000e-01      
1.37930000e+02      2.90000000e-01      2.90000000e-01      2.90000000e-01      2.90000000e-01      2.90000000e-01      
1.38120000e+02      2.90000000e-01      2.90000000e-01      2.90000000e-01      2.90000000e-01      2.90000000e-01      
1.38310000e+02      2.90000000e-01      2.90000000e-01      2.90000000e-01      2.90000000e-01      2.90000000e-01      
1.38500000e+02      2.90000000e-01      2.90000000e-01      2.90000000e-01      2.90000000e-01      2.90000000e-01      
1.38700000e+02      2.90000000e-01      2.90000000e-01      2.90000000e-01      2.90000000e-01      2.90000000e-01      
1.38890000e+02      2.90000000e-01      2.90000000e-01      2.90000000e-01      2.90000000e-01      2.90000000e-01      
1.39080000e+02      2.90000000e-01      2.90000000e-01      2.90000000e-01      2.90000000e-01      2.90000000e-01      
1.39280000e+02      2.90000000e-01      2.90000000e-01      2.90000000e-01      2.90000000e-01      2.90000000e-01      
1.39470000e+02      2.90000000e-01      2.90000000e-01      2.90000000e-01      2.90000000e-01      2.90000000e-01      
1.39660000e+02      2.90000000e-01      2.90000000e-01      2.90000000e-01      2.90000000e-01      2.90000000e-01      
1.39860000e+02      2.90000000e-01      2.90000000e-01      2.90000000e-01      2.90000000e-01      2.90000000e-01      
1.40060000e+02      2.90000000e-01      2.90000000e-01      2.90000000e-01      2.90000000e-01      2.90000000e-01      
1.40250000e+02      2.90000000e-01      2.90000000e-01      2.90000000e-01      2.90000000e-01      2.90000000e-01      
1.40450000e+02      2.90000000e-01      2.90000000e-01      2.90000000e-01      2.90000000e-01      2.90000000e-01      
1.40650000e+02      2.90000000e-01      2.90000000e-01      2.90000000e-01      2.90000000e-01      2.90000000e-01      
1.40850000e+02      2.90000000e-01      2.90000000e-01      2.90000000e-01      2.90000000e-01      2.90000000e-01      
1.41040000e+02      2.90000000e-01      2.90000000e-01      2.90000000e-01      2.90000000e-01      2.90000000e-01      
1.41240000e+02      2.90000000e-01      2.90000000e-01      2.90000000e-01      2.90000000e-01      2.90000000e-01      
1.41440000e+02      2.90000000e-01      2.90000000e-01      2.90000000e-01      2.90000000e-01      2.90000000e-01      
1.41640000e+02      2.90000000e-01      2.90000000e-01      2.90000000e-01      2.90000000e-01      2.90000000e-01      
1.41840000e+02      2.90000000e-01      2.90000000e-01      2.90000000e-01      2.90000000e-01      2.90000000e-01      
1.42050000e+02      2.90000000e-01      2.90000000e-01      2.90000000e-01      2.90000000e-01      2.90000000e-01      
1.42250000e+02      2.90000000e-01      2.90000000e-01      2.90000000e-01      2.90000000e-01      2.90000000e-01      
1.42450000e+02      2.90000000e-01      2.90000000e-01      2.90000000e-01      2.90000000e-01      2.90000000e-01      
1.42650000e+02      2.90000000e-01      2.90000000e-01      2.90000000e-01      2.90000000e-01      2.90000000e-01      
1.42860000e+02      2.90000000e-01      2.90000000e-01      2.90000000e-01      2.90000000e-01      2.90000000e-01      
1.43060000e+02      2.90000000e-01      2.90000000e-01      2.90000000e-01      2.90000000e-01      2.90000000e-01      
1.43270000e+02      2.90000000e-01      2.90000000e-01      2.90000000e-01      2.90000000e-01      2.90000000e-01      
1.43470000e+02      2.90000000e-01      2.90000000e-01      2.90000000e-01      2.90000000e-01      2.90000000e-01      
1.43680000e+02      2.90000000e-01      2.90000000e-01      2.90000000e-01      2.90000000e-01      2.90000000e-01      
1.43880000e+02      2.90000000e-01      2.90000000e-01      2.90000000e-01      2.90000000e-01      2.90000000e-01      
1.44090000e+02      2.90000000e-01      2.90000000e-01      2.90000000e-01      2.90000000e-01      2.90000000e-01      
1.44300000e+02      2.90000000e-01      2.90000000e-01      2.90000000e-01      2.90000000e-01      2.90000000e-01      
1.44510000e+02      2.90000000e-01      2.90000000e-01      2.90000000e-01      2.90000000e-01      2.90000000e-01      
1.44720000e+02      2.90000000e-01      2.90000000e-01      2.90000000e-01      2.90000000e-01      2.90000000e-01      
1.44930000e+02      2.90000000e-01      2.90000000e-01      2.90000000e-01      2.90000000e-01      2.90000000e-01      
1.45140000e+02      2.90000000e-01      2.90000000e-01      2.90000000e-01      2.90000000e-01      2.90000000e-01      
1.45350000e+02      2.90000000e-01      2.90000000e-01      2.90000000e-01      2.90000000e-01      2.90000000e-01      
1.45560000e+02      2.90000000e-01      2.90000000e-01      2.90000000e-01      2.90000000e-01      2.90000000e-01      
1.45770000e+02      2.90000000e-01      2.90000000e-01      2.90000000e-01      2.90000000e-01      2.90000000e-01      
1.45990000e+02      2.90000000e-01      2.90000000e-01      2.90000000e-01      2.90000000e-01      2.90000000e-01      
1.46200000e+02      2.90000000e-01      2.90000000e-01      2.90000000e-01      2.90000000e-01      2.90000000e-01      
1.46410000e+02      2.90000000e-01      2.90000000e-01      2.90000000e-01      2.90000000e-01      2.90000000e-01      
1.46630000e+02      2.90000000e-01      2.90000000e-01      2.90000000e-01      2.90000000e-01      2.90000000e-01      
1.46840000e+02      2.90000000e-01      2.90000000e-01      2.90000000e-01      2.90000000e-01      2.90000000e-01      
1.47060000e+02      2.90000000e-01      2.90000000e-01      2.90000000e-01      2.90000000e-01      2.90000000e-01      
1.47280000e+02      2.90000000e-01      2.90000000e-01      2.90000000e-01      2.90000000e-01      2.90000000e-01      
1.47490000e+02      2.90000000e-01      2.90000000e-01      2.90000000e-01      2.90000000e-01      2.90000000e-01      
1.47710000e+02      2.90000000e-01      2.90000000e-01      2.90000000e-01      2.90000000e-01      2.90000000e-01      
1.47930000e+02      2.90000000e-01      2.90000000e-01      2.90000000e-01      2.90000000e-01      2.90000000e-01      
1.48150000e+02      2.90000000e-01      2.90000000e-01      2.90000000e-01      2.90000000e-01      2.90000000e-01      
1.48370000e+02      2.90000000e-01      2.90000000e-01      2.90000000e-01      2.90000000e-01      2.90000000e-01      
1.48590000e+02      2.90000000e-01      2.90000000e-01      2.90000000e-01      2.90000000e-01      2.90000000e-01      
1.48810000e+02      2.90000000e-01      2.90000000e-01      2.90000000e-01      2.90000000e-01      2.90000000e-01      
1.49030000e+02      2.90000000e-01      2.90000000e-01      2.90000000e-01      2.90000000e-01      2.90000000e-01      
1.49250000e+02      2.90000000e-01      2.90000000e-01      2.90000000e-01      2.90000000e-01      2.90000000e-01      
1.49480000e+02      2.90000000e-01      2.90000000e-01      2.90000000e-01      2.90000000e-01      2.90000000e-01      
1.49700000e+02      2.90000000e-01      2.90000000e-01      2.90000000e-01      2.90000000e-01      2.90000000e-01      
1.49930000e+02      2.90000000e-01      2.90000000e-01      2.90000000e-01      2.90000000e-01      2.90000000e-01      
1.50150000e+02      2.90000000e-01      2.90000000e-01      2.90000000e-01      2.90000000e-01      2.90000000e-01      
1.50380000e+02      2.90000000e-01      2.90000000e-01      2.90000000e-01      2.90000000e-01      2.90000000e-01      
1.50600000e+02      2.90000000e-01      2.90000000e-01      2.90000000e-01      2.90000000e-01      2.90000000e-01      
1.50830000e+02      2.90000000e-01      2.90000000e-01      2.90000000e-01      2.90000000e-01      2.90000000e-01      
1.51060000e+02      2.90000000e-01      2.90000000e-01      2.90000000e-01      2.90000000e-01      2.90000000e-01      
1.51290000e+02      2.90000000e-01      2.90000000e-01      2.90000000e-01      2.90000000e-01      2.90000000e-01      
1.51520000e+02      2.90000000e-01      2.90000000e-01      2.90000000e-01      2.90000000e-01      2.90000000e-01      
1.51750000e+02      2.90000000e-01      2.90000000e-01      2.90000000e-01      2.90000000e-01      2.90000000e-01      
1.51980000e+02      2.90000000e-01      2.90000000e-01      2.90000000e-01      2.90000000e-01      2.90000000e-01      
1.52210000e+02      2.90000000e-01      2.90000000e-01      2.90000000e-01      2.90000000e-01      2.90000000e-01      
1.52440000e+02      2.90000000e-01      2.90000000e-01      2.90000000e-01      2.90000000e-01      2.90000000e-01      
1.52670000e+02      2.90000000e-01      2.90000000e-01      2.90000000e-01      2.90000000e-01      2.90000000e-01      
1.52910000e+02      2.90000000e-01      2.90000000e-01      2.90000000e-01      2.90000000e-01      2.90000000e-01      
1.53140000e+02      2.90000000e-01      2.90000000e-01      2.90000000e-01      2.90000000e-01      2.90000000e-01      
1.53370000e+02      2.90000000e-01      2.90000000e-01      2.90000000e-01      2.90000000e-01      2.90000000e-01      
1.53610000e+02      2.90000000e-01      2.90000000e-01      2.90000000e-01      2.90000000e-01      2.90000000e-01      
1.53850000e+02      2.90000000e-01      2.90000000e-01      2.90000000e-01      2.90000000e-01      2.90000000e-01      
1.54080000e+02      2.90000000e-01      2.90000000e-01      2.90000000e-01      2.90000000e-01      2.90000000e-01      
1.54320000e+02      2.90000000e-01      2.90000000e-01      2.90000000e-01      2.90000000e-01      2.90000000e-01      
1.54560000e+02      2.90000000e-01      2.90000000e-01      2.90000000e-01      2.90000000e-01      2.90000000e-01      
1.54800000e+02      2.90000000e-01      2.90000000e-01      2.90000000e-01      2.90000000e-01      2.90000000e-01      
1.55040000e+02      2.90000000e-01      2.90000000e-01      2.90000000e-01      2.90000000e-01      2.90000000e-01      
1.55280000e+02      2.90000000e-01      2.90000000e-01      2.90000000e-01      2.90000000e-01      2.90000000e-01      
1.55520000e+02      2.90000000e-01      2.90000000e-01      2.90000000e-01      2.90000000e-01      2.90000000e-01      
1.55760000e+02      2.90000000e-01      2.90000000e-01      2.90000000e-01      2.90000000e-01      2.90000000e-01      
1.56010000e+02      2.90000000e-01      2.90000000e-01      2.90000000e-01      2.90000000e-01      2.90000000e-01      
1.56250000e+02      2.90000000e-01      2.90000000e-01      2.90000000e-01      2.90000000e-01      2.90000000e-01      
1.56490000e+02      2.90000000e-01      2.90000000e-01      2.90000000e-01      2.90000000e-01      2.90000000e-01      
1.56740000e+02      2.90000000e-01      2.90000000e-01      2.90000000e-01      2.90000000e-01      2.90000000e-01      
1.56990000e+02      2.90000000e-01      2.90000000e-01      2.90000000e-01      2.90000000e-01      2.90000000e-01      
1.57230000e+02      2.90000000e-01      2.90000000e-01      2.90000000e-01      2.90000000e-01      2.90000000e-01      
1.57480000e+02      2.90000000e-01      2.90000000e-01      2.90000000e-01      2.90000000e-01      2.90000000e-01      
1.57730000e+02      2.90000000e-01      2.90000000e-01      2.90000000e-01      2.90000000e-01      2.90000000e-01      
1.57980000e+02      2.90000000e-01      2.90000000e-01      2.90000000e-01      2.90000000e-01      2.90000000e-01      
1.58230000e+02      2.90000000e-01      2.90000000e-01      2.90000000e-01      2.90000000e-01      2.90000000e-01      
1.58480000e+02      2.90000000e-01      2.90000000e-01      2.90000000e-01      2.90000000e-01      2.90000000e-01      
1.58730000e+02      2.90000000e-01      2.90000000e-01      2.90000000e-01      2.90000000e-01      2.90000000e-01      
1.58980000e+02      2.90000000e-01      2.90000000e-01      2.90000000e-01      2.90000000e-01      2.90000000e-01      
1.59240000e+02      2.90000000e-01      2.90000000e-01      2.90000000e-01      2.90000000e-01      2.90000000e-01      
1.59490000e+02      2.90000000e-01      2.90000000e-01      2.90000000e-01      2.90000000e-01      2.90000000e-01      
1.59740000e+02      2.90000000e-01      2.90000000e-01      2.90000000e-01      2.90000000e-01      2.90000000e-01      
1.60000000e+02      2.90000000e-01      2.90000000e-01      2.90000000e-01      2.90000000e-01      2.90000000e-01      
1.60260000e+02      2.90000000e-01      2.90000000e-01      2.90000000e-01      2.90000000e-01      2.90000000e-01      
1.60510000e+02      2.90000000e-01      2.90000000e-01      2.90000000e-01      2.90000000e-01      2.90000000e-01      
1.60770000e+02      2.90000000e-01      2.90000000e-01      2.90000000e-01      2.90000000e-01      2.90000000e-01      
1.61030000e+02      2.90000000e-01      2.90000000e-01      2.90000000e-01      2.90000000e-01      2.90000000e-01      
1.61290000e+02      2.90000000e-01      2.90000000e-01      2.90000000e-01      2.90000000e-01      2.90000000e-01      
1.61550000e+02      2.90000000e-01      2.90000000e-01      2.90000000e-01      2.90000000e-01      2.90000000e-01      
1.61810000e+02      2.90000000e-01      2.90000000e-01      2.90000000e-01      2.90000000e-01      2.90000000e-01      
1.62070000e+02      2.90000000e-01      2.90000000e-01      2.90000000e-01      2.90000000e-01      2.90000000e-01      
1.62340000e+02      2.90000000e-01      2.90000000e-01      2.90000000e-01      2.90000000e-01      2.90000000e-01      
1.62600000e+02      2.90000000e-01      2.90000000e-01      2.90000000e-01      2.90000000e-01      2.90000000e-01      
1.62870000e+02      2.90000000e-01      2.90000000e-01      2.90000000e-01      2.90000000e-01      2.90000000e-01      
1.63130000e+02      2.90000000e-01      2.90000000e-01      2.90000000e-01      2.90000000e-01      2.90000000e-01      
1.63400000e+02      2.90000000e-01      2.90000000e-01      2.90000000e-01      2.90000000e-01      2.90000000e-01      
1.63670000e+02      2.90000000e-01      2.90000000e-01      2.90000000e-01      2.90000000e-01      2.90000000e-01      
1.63930000e+02      2.90000000e-01      2.90000000e-01      2.90000000e-01      2.90000000e-01      2.90000000e-01      
1.64200000e+02      2.90000000e-01      2.90000000e-01      2.90000000e-01      2.90000000e-01      2.90000000e-01      
1.64470000e+02      2.90000000e-01      2.90000000e-01      2.90000000e-01      2.90000000e-01      2.90000000e-01      
1.64740000e+02      2.90000000e-01      2.90000000e-01      2.90000000e-01      2.90000000e-01      2.90000000e-01      
1.65020000e+02      2.90000000e-01      2.90000000e-01      2.90000000e-01      2.90000000e-01      2.90000000e-01      
1.65290000e+02      2.90000000e-01      2.90000000e-01      2.90000000e-01      2.90000000e-01      2.90000000e-01      
1.65560000e+02      2.90000000e-01      2.90000000e-01      2.90000000e-01      2.90000000e-01      2.90000000e-01      
1.65840000e+02      2.90000000e-01      2.90000000e-01      2.90000000e-01      2.90000000e-01      2.90000000e-01      
1.66110000e+02      2.90000000e-01      2.90000000e-01      2.90000000e-01      2.90000000e-01      2.90000000e-01      
1.66390000e+02      2.90000000e-01      2.90000000e-01      2.90000000e-01      2.90000000e-01      2.90000000e-01      
1.66670000e+02      2.90000000e-01      2.90000000e-01      2.90000000e-01      2.90000000e-01      2.90000000e-01      
1.66940000e+02      2.90000000e-01      2.90000000e-01      2.90000000e-01      2.90000000e-01      2.90000000e-01      
1.67220000e+02      2.90000000e-01      2.90000000e-01      2.90000000e-01      2.90000000e-01      2.90000000e-01      
1.67500000e+02      2.90000000e-01      2.90000000e-01      2.90000000e-01      2.90000000e-01      2.90000000e-01      
1.67790000e+02      2.90000000e-01      2.90000000e-01      2.90000000e-01      2.90000000e-01      2.90000000e-01      
1.68070000e+02      2.90000000e-01      2.90000000e-01      2.90000000e-01      2.90000000e-01      2.90000000e-01      
1.68350000e+02      2.90000000e-01      2.90000000e-01      2.90000000e-01      2.90000000e-01      2.90000000e-01      
1.68630000e+02      2.90000000e-01      2.90000000e-01      2.90000000e-01      2.90000000e-01      2.90000000e-01      
1.68920000e+02      2.90000000e-01      2.90000000e-01      2.90000000e-01      2.90000000e-01      2.90000000e-01      
1.69200000e+02      2.90000000e-01      2.90000000e-01      2.90000000e-01      2.90000000e-01      2.90000000e-01      
1.69490000e+02      2.90000000e-01      2.90000000e-01      2.90000000e-01      2.90000000e-01      2.90000000e-01      
1.69780000e+02      2.90000000e-01      2.90000000e-01      2.90000000e-01      2.90000000e-01      2.90000000e-01      
1.70070000e+02      2.90000000e-01      2.90000000e-01      2.90000000e-01      2.90000000e-01      2.90000000e-01      
1.70360000e+02      2.90000000e-01      2.90000000e-01      2.90000000e-01      2.90000000e-01      2.90000000e-01      
1.70650000e+02      2.90000000e-01      2.90000000e-01      2.90000000e-01      2.90000000e-01      2.90000000e-01      
1.70940000e+02      2.90000000e-01      2.90000000e-01      2.90000000e-01      2.90000000e-01      2.90000000e-01      
1.71230000e+02      2.90000000e-01      2.90000000e-01      2.90000000e-01      2.90000000e-01      2.90000000e-01      
1.71530000e+02      2.90000000e-01      2.90000000e-01      2.90000000e-01      2.90000000e-01      2.90000000e-01      
1.71820000e+02      2.90000000e-01      2.90000000e-01      2.90000000e-01      2.90000000e-01      2.90000000e-01      
1.72120000e+02      2.90000000e-01      2.90000000e-01      2.90000000e-01      2.90000000e-01      2.90000000e-01      
1.72410000e+02      2.90000000e-01      2.90000000e-01      2.90000000e-01      2.90000000e-01      2.90000000e-01      
1.72710000e+02      2.90000000e-01      2.90000000e-01      2.90000000e-01      2.90000000e-01      2.90000000e-01      
1.73010000e+02      2.90000000e-01      2.90000000e-01      2.90000000e-01      2.90000000e-01      2.90000000e-01      
1.73310000e+02      2.90000000e-01      2.90000000e-01      2.90000000e-01      2.90000000e-01      2.90000000e-01      
1.73610000e+02      2.90000000e-01      2.90000000e-01      2.90000000e-01      2.90000000e-01      2.90000000e-01      
1.73910000e+02      2.90000000e-01      2.90000000e-01      2.90000000e-01      2.90000000e-01      2.90000000e-01      
1.74220000e+02      2.90000000e-01      2.90000000e-01      2.90000000e-01      2.90000000e-01      2.90000000e-01      
1.74520000e+02      2.90000000e-01      2.90000000e-01      2.90000000e-01      2.90000000e-01      2.90000000e-01      
1.74830000e+02      2.90000000e-01      2.90000000e-01      2.90000000e-01      2.90000000e-01      2.90000000e-01      
1.75130000e+02      2.90000000e-01      2.90000000e-01      2.90000000e-01      2.90000000e-01      2.90000000e-01      
1.75440000e+02      2.90000000e-01      2.90000000e-01      2.90000000e-01      2.90000000e-01      2.90000000e-01      
1.75750000e+02      2.90000000e-01      2.90000000e-01      2.90000000e-01      2.90000000e-01      2.90000000e-01      
1.76060000e+02      2.90000000e-01      2.90000000e-01      2.90000000e-01      2.90000000e-01      2.90000000e-01      
1.76370000e+02      2.90000000e-01      2.90000000e-01      2.90000000e-01      2.90000000e-01      2.90000000e-01      
1.76680000e+02      2.90000000e-01      2.90000000e-01      2.90000000e-01      2.90000000e-01      2.90000000e-01      
1.76990000e+02      2.90000000e-01      2.90000000e-01      2.90000000e-01      2.90000000e-01      2.90000000e-01      
1.77300000e+02      2.90000000e-01      2.90000000e-01      2.90000000e-01      2.90000000e-01      2.90000000e-01      
1.77620000e+02      2.90000000e-01      2.90000000e-01      2.90000000e-01      2.90000000e-01      2.90000000e-01      
1.77940000e+02      2.90000000e-01      2.90000000e-01      2.90000000e-01      2.90000000e-01      2.90000000e-01      
1.78250000e+02      2.90000000e-01      2.90000000e-01      2.90000000e-01      2.90000000e-01      2.90000000e-01      
1.78570000e+02      2.90000000e-01      2.90000000e-01      2.90000000e-01      2.90000000e-01      2.90000000e-01      
1.78890000e+02      2.90793000e-01      2.90793000e-01      2.90793000e-01      2.90793000e-01      2.90793000e-01      
1.79210000e+02      2.95177000e-01      2.95177000e-01      2.95177000e-01      2.95177000e-01      2.95177000e-01      
1.79530000e+02      2.99561000e-01      2.99561000e-01      2.99561000e-01      2.99561000e-01      2.99561000e-01      
1.79860000e+02      3.04082000e-01      3.04082000e-01      3.04082000e-01      3.04082000e-01      3.04082000e-01      
1.80180000e+02      3.08466000e-01      3.08466000e-01      3.08466000e-01      3.08466000e-01      3.08466000e-01      
1.80510000e+02      3.12987000e-01      3.12987000e-01      3.12987000e-01      3.12987000e-01      3.12987000e-01      
1.80830000e+02      3.17371000e-01      3.17371000e-01      3.17371000e-01      3.17371000e-01      3.17371000e-01      
1.81160000e+02      3.21892000e-01      3.21892000e-01      3.21892000e-01      3.21892000e-01      3.21892000e-01      
1.81490000e+02      3.26413000e-01      3.26413000e-01      3.26413000e-01      3.26413000e-01      3.26413000e-01      
1.81820000e+02      3.30934000e-01      3.30934000e-01      3.30934000e-01      3.30934000e-01      3.30934000e-01      
1.82150000e+02      3.35455000e-01      3.35455000e-01      3.35455000e-01      3.35455000e-01      3.35455000e-01      
1.82480000e+02      3.39976000e-01      3.39976000e-01      3.39976000e-01      3.39976000e-01      3.39976000e-01      
1.82820000e+02      3.44634000e-01      3.44634000e-01      3.44634000e-01      3.44634000e-01      3.44634000e-01      
1.83150000e+02      3.49155000e-01      3.49155000e-01      3.49155000e-01      3.49155000e-01      3.49155000e-01      
1.83490000e+02      3.53813000e-01      3.53813000e-01      3.53813000e-01      3.53813000e-01      3.53813000e-01      
1.83820000e+02      3.58334000e-01      3.58334000e-01      3.58334000e-01      3.58334000e-01      3.58334000e-01      
1.84160000e+02      3.62992000e-01      3.62992000e-01      3.62992000e-01      3.62992000e-01      3.62992000e-01      
1.84500000e+02      3.67650000e-01      3.67650000e-01      3.67650000e-01      3.67650000e-01      3.67650000e-01      
1.84840000e+02      3.72308000e-01      3.72308000e-01      3.72308000e-01      3.72308000e-01      3.72308000e-01      
1.85190000e+02      3.77103000e-01      3.77103000e-01      3.77103000e-01      3.77103000e-01      3.77103000e-01      
1.85530000e+02      3.81761000e-01      3.81761000e-01      3.81761000e-01      3.81761000e-01      3.81761000e-01      
1.85870000e+02      3.86419000e-01      3.86419000e-01      3.86419000e-01      3.86419000e-01      3.86419000e-01      
1.86220000e+02      3.91214000e-01      3.91214000e-01      3.91214000e-01      3.91214000e-01      3.91214000e-01      
1.86570000e+02      3.96009000e-01      3.96009000e-01      3.96009000e-01      3.96009000e-01      3.96009000e-01      
1.86920000e+02      4.00804000e-01      4.00804000e-01      4.00804000e-01      4.00804000e-01      4.00804000e-01      
1.87270000e+02      4.05599000e-01      4.05599000e-01      4.05599000e-01      4.05599000e-01      4.05599000e-01      
1.87620000e+02      4.10394000e-01      4.10394000e-01      4.10394000e-01      4.10394000e-01      4.10394000e-01      
1.87970000e+02      4.15189000e-01      4.15189000e-01      4.15189000e-01      4.15189000e-01      4.15189000e-01      
1.88320000e+02      4.19984000e-01      4.19984000e-01      4.19984000e-01      4.19984000e-01      4.19984000e-01      
1.88680000e+02      4.24916000e-01      4.24916000e-01      4.24916000e-01      4.24916000e-01      4.24916000e-01      
1.89040000e+02      4.29848000e-01      4.29848000e-01      4.29848000e-01      4.29848000e-01      4.29848000e-01      
1.89390000e+02      4.34643000e-01      4.34643000e-01      4.34643000e-01      4.34643000e-01      4.34643000e-01      
1.89750000e+02      4.39575000e-01      4.39575000e-01      4.39575000e-01      4.39575000e-01      4.39575000e-01      
1.90110000e+02      4.44507000e-01      4.44507000e-01      4.44507000e-01      4.44507000e-01      4.44507000e-01      
1.90480000e+02      4.49576000e-01      4.49576000e-01      4.49576000e-01      4.49576000e-01      4.49576000e-01      
1.90840000e+02      4.54508000e-01      4.54508000e-01      4.54508000e-01      4.54508000e-01      4.54508000e-01      
1.91200000e+02      4.59440000e-01      4.59440000e-01      4.59440000e-01      4.59440000e-01      4.59440000e-01      
1.91570000e+02      4.64509000e-01      4.64509000e-01      4.64509000e-01      4.64509000e-01      4.64509000e-01      
1.91940000e+02      4.69578000e-01      4.69578000e-01      4.69578000e-01      4.69578000e-01      4.69578000e-01      
1.92310000e+02      4.74647000e-01      4.74647000e-01      4.74647000e-01      4.74647000e-01      4.74647000e-01      
1.92680000e+02      4.79716000e-01      4.79716000e-01      4.79716000e-01      4.79716000e-01      4.79716000e-01      
1.93050000e+02      4.84785000e-01      4.84785000e-01      4.84785000e-01      4.84785000e-01      4.84785000e-01      
1.93420000e+02      4.89854000e-01      4.89854000e-01      4.89854000e-01      4.89854000e-01      4.89854000e-01      
1.93800000e+02      4.95060000e-01      4.95060000e-01      4.95060000e-01      4.95060000e-01      4.95060000e-01      
1.94170000e+02      5.00129000e-01      5.00129000e-01      5.00129000e-01      5.00129000e-01      5.00129000e-01      
1.94550000e+02      5.05335000e-01      5.05335000e-01      5.05335000e-01      5.05335000e-01      5.05335000e-01      
1.94930000e+02      5.10541000e-01      5.10541000e-01      5.10541000e-01      5.10541000e-01      5.10541000e-01      
1.95310000e+02      5.15747000e-01      5.15747000e-01      5.15747000e-01      5.15747000e-01      5.15747000e-01      
1.95690000e+02      5.20953000e-01      5.20953000e-01      5.20953000e-01      5.20953000e-01      5.20953000e-01      
1.96080000e+02      5.26296000e-01      5.26296000e-01      5.26296000e-01      5.26296000e-01      5.26296000e-01      
1.96460000e+02      5.31502000e-01      5.31502000e-01      5.31502000e-01      5.31502000e-01      5.31502000e-01      
1.96850000e+02      5.36845000e-01      5.36845000e-01      5.36845000e-01      5.36845000e-01      5.36845000e-01      
1.97240000e+02      5.42188000e-01      5.42188000e-01      5.42188000e-01      5.42188000e-01      5.42188000e-01      
1.97630000e+02      5.47531000e-01      5.47531000e-01      5.47531000e-01      5.47531000e-01      5.47531000e-01      
1.98020000e+02      5.52874000e-01      5.52874000e-01      5.52874000e-01      5.52874000e-01      5.52874000e-01      
1.98410000e+02      5.58217000e-01      5.58217000e-01      5.58217000e-01      5.58217000e-01      5.58217000e-01      
1.98810000e+02      5.63697000e-01      5.63697000e-01      5.63697000e-01      5.63697000e-01      5.63697000e-01      
1.99200000e+02      5.69040000e-01      5.69040000e-01      5.69040000e-01      5.69040000e-01      5.69040000e-01      
1.99600000e+02      5.74520000e-01      5.74520000e-01      5.74520000e-01      5.74520000e-01      5.74520000e-01      
2.00000000e+02      5.80000000e-01      5.80000000e-01      5.80000000e-01      5.80000000e-01      5.80000000e-01      
2.00400000e+02      5.85480000e-01      5.85480000e-01      5.85480000e-01      5.85480000e-01      5.85480000e-01      
2.00800000e+02      5.90960000e-01      5.90960000e-01      5.90960000e-01      5.90960000e-01      5.90960000e-01      
2.01210000e+02      5.96577000e-01      5.96577000e-01      5.96577000e-01      5.96577000e-01      5.96577000e-01      
2.01610000e+02      6.02057000e-01      6.02057000e-01      6.02057000e-01      6.02057000e-01      6.02057000e-01      
2.02020000e+02      6.07674000e-01      6.07674000e-01      6.07674000e-01      6.07674000e-01      6.07674000e-01      
2.02430000e+02      6.13291000e-01      6.13291000e-01      6.13291000e-01      6.13291000e-01      6.13291000e-01      
2.02840000e+02      6.18908000e-01      6.18908000e-01      6.18908000e-01      6.18908000e-01      6.18908000e-01      
2.03250000e+02      6.24525000e-01      6.24525000e-01      6.24525000e-01      6.24525000e-01      6.24525000e-01      
2.03670000e+02      6.30279000e-01      6.30279000e-01      6.30279000e-01      6.30279000e-01      6.30279000e-01      
2.04080000e+02      6.35896000e-01      6.35896000e-01      6.35896000e-01      6.35896000e-01      6.35896000e-01      
2.04500000e+02      6.41650000e-01      6.41650000e-01      6.41650000e-01      6.41650000e-01      6.41650000e-01      
2.04920000e+02      6.47404000e-01      6.47404000e-01      6.47404000e-01      6.47404000e-01      6.47404000e-01      
2.05340000e+02      6.53158000e-01      6.53158000e-01      6.53158000e-01      6.53158000e-01      6.53158000e-01      
2.05760000e+02      6.58912000e-01      6.58912000e-01      6.58912000e-01      6.58912000e-01      6.58912000e-01      
2.06190000e+02      6.64803000e-01      6.64803000e-01      6.64803000e-01      6.64803000e-01      6.64803000e-01      
2.06610000e+02      6.70557000e-01      6.70557000e-01      6.70557000e-01      6.70557000e-01      6.70557000e-01      
2.07040000e+02      6.76448000e-01      6.76448000e-01      6.76448000e-01      6.76448000e-01      6.76448000e-01      
2.07470000e+02      6.82339000e-01      6.82339000e-01      6.82339000e-01      6.82339000e-01      6.82339000e-01      
2.07900000e+02      6.88230000e-01      6.88230000e-01      6.88230000e-01      6.88230000e-01      6.88230000e-01      
2.08330000e+02      6.94121000e-01      6.94121000e-01      6.94121000e-01      6.94121000e-01      6.94121000e-01      
2.08770000e+02      7.00149000e-01      7.00149000e-01      7.00149000e-01      7.00149000e-01      7.00149000e-01      
2.09210000e+02      7.06177000e-01      7.06177000e-01      7.06177000e-01      7.06177000e-01      7.06177000e-01      
2.09640000e+02      7.12068000e-01      7.12068000e-01      7.12068000e-01      7.12068000e-01      7.12068000e-01      
2.10080000e+02      7.18096000e-01      7.18096000e-01      7.18096000e-01      7.18096000e-01      7.18096000e-01      
2.10530000e+02      7.24261000e-01      7.24261000e-01      7.24261000e-01      7.24261000e-01      7.24261000e-01      
2.10970000e+02      7.30289000e-01      7.30289000e-01      7.30289000e-01      7.30289000e-01      7.30289000e-01      
2.11420000e+02      7.36454000e-01      7.36454000e-01      7.36454000e-01      7.36454000e-01      7.36454000e-01      
2.11860000e+02      7.42482000e-01      7.42482000e-01      7.42482000e-01      7.42482000e-01      7.42482000e-01      
2.12310000e+02      7.48647000e-01      7.48647000e-01      7.48647000e-01      7.48647000e-01      7.48647000e-01      
2.12770000e+02      7.54949000e-01      7.54949000e-01      7.54949000e-01      7.54949000e-01      7.54949000e-01      
2.13220000e+02      7.61114000e-01      7.61114000e-01      7.61114000e-01      7.61114000e-01      7.61114000e-01      
2.13680000e+02      7.67416000e-01      7.67416000e-01      7.67416000e-01      7.67416000e-01      7.67416000e-01      
2.14130000e+02      7.73581000e-01      7.73581000e-01      7.73581000e-01      7.73581000e-01      7.73581000e-01      
2.14590000e+02      7.79883000e-01      7.79883000e-01      7.79883000e-01      7.79883000e-01      7.79883000e-01      
2.15050000e+02      7.86185000e-01      7.86185000e-01      7.86185000e-01      7.86185000e-01      7.86185000e-01      
2.15520000e+02      7.92624000e-01      7.92624000e-01      7.92624000e-01      7.92624000e-01      7.92624000e-01      
2.15980000e+02      7.98926000e-01      7.98926000e-01      7.98926000e-01      7.98926000e-01      7.98926000e-01      
2.16450000e+02      8.05365000e-01      8.05365000e-01      8.05365000e-01      8.05365000e-01      8.05365000e-01      
2.16920000e+02      8.11804000e-01      8.11804000e-01      8.11804000e-01      8.11804000e-01      8.11804000e-01      
2.17390000e+02      8.18243000e-01      8.18243000e-01      8.18243000e-01      8.18243000e-01      8.18243000e-01      
2.17860000e+02      8.24682000e-01      8.24682000e-01      8.24682000e-01      8.24682000e-01      8.24682000e-01      
2.18340000e+02      8.31258000e-01      8.31258000e-01      8.31258000e-01      8.31258000e-01      8.31258000e-01      
2.18820000e+02      8.37834000e-01      8.37834000e-01      8.37834000e-01      8.37834000e-01      8.37834000e-01      
2.19300000e+02      8.44410000e-01      8.44410000e-01      8.44410000e-01      8.44410000e-01      8.44410000e-01      
2.19780000e+02      8.50986000e-01      8.50986000e-01      8.50986000e-01      8.50986000e-01      8.50986000e-01      
2.20260000e+02      8.57562000e-01      8.57562000e-01      8.57562000e-01      8.57562000e-01      8.57562000e-01      
2.20750000e+02      8.64275000e-01      8.64275000e-01      8.64275000e-01      8.64275000e-01      8.64275000e-01      
2.21240000e+02      8.70988000e-01      8.70988000e-01      8.70988000e-01      8.70988000e-01      8.70988000e-01      
2.21730000e+02      8.77701000e-01      8.77701000e-01      8.77701000e-01      8.77701000e-01      8.77701000e-01      
2.22220000e+02      8.84414000e-01      8.84414000e-01      8.84414000e-01      8.84414000e-01      8.84414000e-01      
2.22720000e+02      8.91264000e-01      8.91264000e-01      8.91264000e-01      8.91264000e-01      8.91264000e-01      
2.23210000e+02      8.97977000e-01      8.97977000e-01      8.97977000e-01      8.97977000e-01      8.97977000e-01      
2.23710000e+02      9.00000000e-01      9.00000000e-01      9.00000000e-01      9.00000000e-01      9.00000000e-01      
2.24220000e+02      9.00000000e-01      9.00000000e-01      9.00000000e-01      9.00000000e-01      9.00000000e-01      
2.24720000e+02      9.00000000e-01      9.00000000e-01      9.00000000e-01      9.00000000e-01      9.00000000e-01      
2.25230000e+02      9.00000000e-01      9.00000000e-01      9.00000000e-01      9.00000000e-01      9.00000000e-01      
2.25730000e+02      9.00000000e-01      9.00000000e-01      9.00000000e-01      9.00000000e-01      9.00000000e-01      
2.26240000e+02      9.00000000e-01      9.00000000e-01      9.00000000e-01      9.00000000e-01      9.00000000e-01      
2.26760000e+02      9.00000000e-01      9.00000000e-01      9.00000000e-01      9.00000000e-01      9.00000000e-01      
2.27270000e+02      9.00000000e-01      9.00000000e-01      9.00000000e-01      9.00000000e-01      9.00000000e-01      
2.27790000e+02      9.00000000e-01      9.00000000e-01      9.00000000e-01      9.00000000e-01      9.00000000e-01      
2.28310000e+02      9.00000000e-01      9.00000000e-01      9.00000000e-01      9.00000000e-01      9.00000000e-01      
2.28830000e+02      9.00000000e-01      9.00000000e-01      9.00000000e-01      9.00000000e-01      9.00000000e-01      
2.29360000e+02      9.00000000e-01      9.00000000e-01      9.00000000e-01      9.00000000e-01      9.00000000e-01      
2.29890000e+02      9.00000000e-01      9.00000000e-01      9.00000000e-01      9.00000000e-01      9.00000000e-01      
2.30410000e+02      9.00000000e-01      9.00000000e-01      9.00000000e-01      9.00000000e-01      9.00000000e-01      
2.30950000e+02      9.00000000e-01      9.00000000e-01      9.00000000e-01      9.00000000e-01      9.00000000e-01      
2.31480000e+02      9.00000000e-01      9.00000000e-01      9.00000000e-01      9.00000000e-01      9.00000000e-01      
2.32020000e+02      9.00000000e-01      9.00000000e-01      9.00000000e-01      9.00000000e-01      9.00000000e-01      
2.32560000e+02      9.00000000e-01      9.00000000e-01      9.00000000e-01      9.00000000e-01      9.00000000e-01      
2.33100000e+02      9.00000000e-01      9.00000000e-01      9.00000000e-01      9.00000000e-01      9.00000000e-01      
2.33640000e+02      9.00000000e-01      9.00000000e-01      9.00000000e-01      9.00000000e-01      9.00000000e-01      
2.34190000e+02      9.00000000e-01      9.00000000e-01      9.00000000e-01      9.00000000e-01      9.00000000e-01      
2.34740000e+02      9.00000000e-01      9.00000000e-01      9.00000000e-01      9.00000000e-01      9.00000000e-01      
2.35290000e+02      9.00000000e-01      9.00000000e-01      9.00000000e-01      9.00000000e-01      9.00000000e-01      
2.35850000e+02      9.00000000e-01      9.00000000e-01      9.00000000e-01      9.00000000e-01      9.00000000e-01      
2.36410000e+02      9.00000000e-01      9.00000000e-01      9.00000000e-01      9.00000000e-01      9.00000000e-01      
2.36970000e+02      9.00000000e-01      9.00000000e-01      9.00000000e-01      9.00000000e-01      9.00000000e-01      
2.37530000e+02      9.00000000e-01      9.00000000e-01      9.00000000e-01      9.00000000e-01      9.00000000e-01      
2.38100000e+02      9.00000000e-01      9.00000000e-01      9.00000000e-01      9.00000000e-01      9.00000000e-01      
2.38660000e+02      9.00000000e-01      9.00000000e-01      9.00000000e-01      9.00000000e-01      9.00000000e-01      
2.39230000e+02      9.00000000e-01      9.00000000e-01      9.00000000e-01      9.00000000e-01      9.00000000e-01      
2.39810000e+02      9.00000000e-01      9.00000000e-01      9.00000000e-01      9.00000000e-01      9.00000000e-01      
2.40380000e+02      9.00000000e-01      9.00000000e-01      9.00000000e-01      9.00000000e-01      9.00000000e-01      
2.40960000e+02      9.00000000e-01      9.00000000e-01      9.00000000e-01      9.00000000e-01      9.00000000e-01      
2.41550000e+02      9.00000000e-01      9.00000000e-01      9.00000000e-01      9.00000000e-01      9.00000000e-01      
2.42130000e+02      9.00000000e-01      9.00000000e-01      9.00000000e-01      9.00000000e-01      9.00000000e-01      
2.42720000e+02      9.00000000e-01      9.00000000e-01      9.00000000e-01      9.00000000e-01      9.00000000e-01      
2.43310000e+02      9.00000000e-01      9.00000000e-01      9.00000000e-01      9.00000000e-01      9.00000000e-01      
2.43900000e+02      9.00000000e-01      9.00000000e-01      9.00000000e-01      9.00000000e-01      9.00000000e-01      
2.44500000e+02      9.00000000e-01      9.00000000e-01      9.00000000e-01      9.00000000e-01      9.00000000e-01      
2.45100000e+02      9.00000000e-01      9.00000000e-01      9.00000000e-01      9.00000000e-01      9.00000000e-01      
2.45700000e+02      9.00000000e-01      9.00000000e-01      9.00000000e-01      9.00000000e-01      9.00000000e-01      
2.46310000e+02      9.00000000e-01      9.00000000e-01      9.00000000e-01      9.00000000e-01      9.00000000e-01      
2.46910000e+02      9.00000000e-01      9.00000000e-01      9.00000000e-01      9.00000000e-01      9.00000000e-01      
2.47520000e+02      9.00000000e-01      9.00000000e-01      9.00000000e-01      9.00000000e-01      9.00000000e-01      
2.48140000e+02      9.00000000e-01      9.00000000e-01      9.00000000e-01      9.00000000e-01      9.00000000e-01      
2.48760000e+02      9.00000000e-01      9.00000000e-01      9.00000000e-01      9.00000000e-01      9.00000000e-01      
2.49380000e+02      9.00000000e-01      9.00000000e-01      9.00000000e-01      9.00000000e-01      9.00000000e-01      
2.50000000e+02      9.00000000e-01      9.00000000e-01      9.00000000e-01      9.00000000e-01      9.00000000e-01      
2.50630000e+02      9.00000000e-01      9.00000000e-01      9.00000000e-01      9.00000000e-01      9.00000000e-01      
2.51260000e+02      9.00000000e-01      9.00000000e-01      9.00000000e-01      9.00000000e-01      9.00000000e-01      
2.51890000e+02      9.00000000e-01      9.00000000e-01      9.00000000e-01      9.00000000e-01      9.00000000e-01      
2.52530000e+02      9.00000000e-01      9.00000000e-01      9.00000000e-01      9.00000000e-01      9.00000000e-01      
2.53160000e+02      9.00000000e-01      9.00000000e-01      9.00000000e-01      9.00000000e-01      9.00000000e-01      
2.53810000e+02      9.00000000e-01      9.00000000e-01      9.00000000e-01      9.00000000e-01      9.00000000e-01      
2.54450000e+02      9.00000000e-01      9.00000000e-01      9.00000000e-01      9.00000000e-01      9.00000000e-01      
2.55100000e+02      9.00000000e-01      9.00000000e-01      9.00000000e-01      9.00000000e-01      9.00000000e-01      
2.55750000e+02      9.00000000e-01      9.00000000e-01      9.00000000e-01      9.00000000e-01      9.00000000e-01      
2.56410000e+02      9.00000000e-01      9.00000000e-01      9.00000000e-01      9.00000000e-01      9.00000000e-01      
2.57070000e+02      9.00000000e-01      9.00000000e-01      9.00000000e-01      9.00000000e-01      9.00000000e-01      
2.57730000e+02      9.00000000e-01      9.00000000e-01      9.00000000e-01      9.00000000e-01      9.00000000e-01      
2.58400000e+02      9.00000000e-01      9.00000000e-01      9.00000000e-01      9.00000000e-01      9.00000000e-01      
2.59070000e+02      9.00000000e-01      9.00000000e-01      9.00000000e-01      9.00000000e-01      9.00000000e-01      
2.59740000e+02      9.00000000e-01      9.00000000e-01      9.00000000e-01      9.00000000e-01      9.00000000e-01      
2.60420000e+02      9.00000000e-01      9.00000000e-01      9.00000000e-01      9.00000000e-01      9.00000000e-01      
2.61100000e+02      9.00000000e-01      9.00000000e-01      9.00000000e-01      9.00000000e-01      9.00000000e-01      
2.61780000e+02      9.00000000e-01      9.00000000e-01      9.00000000e-01      9.00000000e-01      9.00000000e-01      
2.62470000e+02      9.00000000e-01      9.00000000e-01      9.00000000e-01      9.00000000e-01      9.00000000e-01      
2.63160000e+02      9.00000000e-01      9.00000000e-01      9.00000000e-01      9.00000000e-01      9.00000000e-01      
2.63850000e+02      9.00000000e-01      9.00000000e-01      9.00000000e-01      9.00000000e-01      9.00000000e-01      
2.64550000e+02      9.00000000e-01      9.00000000e-01      9.00000000e-01      9.00000000e-01      9.00000000e-01      
2.65250000e+02      9.00000000e-01      9.00000000e-01      9.00000000e-01      9.00000000e-01      9.00000000e-01      
2.65960000e+02      9.00000000e-01      9.00000000e-01      9.00000000e-01      9.00000000e-01      9.00000000e-01      
2.66670000e+02      9.00000000e-01      9.00000000e-01      9.00000000e-01      9.00000000e-01      9.00000000e-01      
2.67380000e+02      9.00000000e-01      9.00000000e-01      9.00000000e-01      9.00000000e-01      9.00000000e-01      
2.68100000e+02      9.00000000e-01      9.00000000e-01      9.00000000e-01      9.00000000e-01      9.00000000e-01      
2.68820000e+02      9.00000000e-01      9.00000000e-01      9.00000000e-01      9.00000000e-01      9.00000000e-01      
2.69540000e+02      9.00000000e-01      9.00000000e-01      9.00000000e-01      9.00000000e-01      9.00000000e-01      
2.70270000e+02      9.00000000e-01      9.00000000e-01      9.00000000e-01      9.00000000e-01      9.00000000e-01      
2.71000000e+02      9.00000000e-01      9.00000000e-01      9.00000000e-01      9.00000000e-01      9.00000000e-01      
2.71740000e+02      9.00000000e-01      9.00000000e-01      9.00000000e-01      9.00000000e-01      9.00000000e-01      
2.72480000e+02      9.00000000e-01      9.00000000e-01      9.00000000e-01      9.00000000e-01      9.00000000e-01      
2.73220000e+02      9.00000000e-01      9.00000000e-01      9.00000000e-01      9.00000000e-01      9.00000000e-01      
2.73970000e+02      9.00000000e-01      9.00000000e-01      9.00000000e-01      9.00000000e-01      9.00000000e-01      
2.74730000e+02      9.00000000e-01      9.00000000e-01      9.00000000e-01      9.00000000e-01      9.00000000e-01      
2.75480000e+02      9.00000000e-01      9.00000000e-01      9.00000000e-01      9.00000000e-01      9.00000000e-01      
2.76240000e+02      9.00000000e-01      9.00000000e-01      9.00000000e-01      9.00000000e-01      9.00000000e-01      
2.77010000e+02      9.00000000e-01      9.00000000e-01      9.00000000e-01      9.00000000e-01      9.00000000e-01      
2.77780000e+02      9.00000000e-01      9.00000000e-01      9.00000000e-01      9.00000000e-01      9.00000000e-01      
2.78550000e+02      9.00000000e-01      9.00000000e-01      9.00000000e-01      9.00000000e-01      9.00000000e-01      
2.79330000e+02      9.00000000e-01      9.00000000e-01      9.00000000e-01      9.00000000e-01      9.00000000e-01      
2.80110000e+02      9.00000000e-01      9.00000000e-01      9.00000000e-01      9.00000000e-01      9.00000000e-01      
2.80900000e+02      9.00000000e-01      9.00000000e-01      9.00000000e-01      9.00000000e-01      9.00000000e-01      
2.81690000e+02      9.00000000e-01      9.00000000e-01      9.00000000e-01      9.00000000e-01      9.00000000e-01      
2.82490000e+02      9.00000000e-01      9.00000000e-01      9.00000000e-01      9.00000000e-01      9.00000000e-01      
2.83290000e+02      9.00000000e-01      9.00000000e-01      9.00000000e-01      9.00000000e-01      9.00000000e-01      
2.84090000e+02      9.00000000e-01      9.00000000e-01      9.00000000e-01      9.00000000e-01      9.00000000e-01      
2.84900000e+02      9.00000000e-01      9.00000000e-01      9.00000000e-01      9.00000000e-01      9.00000000e-01      
2.85710000e+02      9.00000000e-01      9.00000000e-01      9.00000000e-01      9.00000000e-01      9.00000000e-01      
2.86530000e+02      9.00000000e-01      9.00000000e-01      9.00000000e-01      9.00000000e-01      9.00000000e-01      
2.87360000e+02      9.00000000e-01      9.00000000e-01      9.00000000e-01      9.00000000e-01      9.00000000e-01      
2.88180000e+02      9.00000000e-01      9.00000000e-01      9.00000000e-01      9.00000000e-01      9.00000000e-01      
2.89020000e+02      9.00000000e-01      9.00000000e-01      9.00000000e-01      9.00000000e-01      9.00000000e-01      
2.89860000e+02      9.00000000e-01      9.00000000e-01      9.00000000e-01      9.00000000e-01      9.00000000e-01      
2.90700000e+02      9.00000000e-01      9.00000000e-01      9.00000000e-01      9.00000000e-01      9.00000000e-01      
2.91550000e+02      9.00000000e-01      9.00000000e-01      9.00000000e-01      9.00000000e-01      9.00000000e-01      
2.92400000e+02      9.00000000e-01      9.00000000e-01      9.00000000e-01      9.00000000e-01      9.00000000e-01      
2.93260000e+02      9.00000000e-01      9.00000000e-01      9.00000000e-01      9.00000000e-01      9.00000000e-01      
2.94120000e+02      9.00000000e-01      9.00000000e-01      9.00000000e-01      9.00000000e-01      9.00000000e-01      
2.94990000e+02      9.00000000e-01      9.00000000e-01      9.00000000e-01      9.00000000e-01      9.00000000e-01      
2.95860000e+02      9.00000000e-01      9.00000000e-01      9.00000000e-01      9.00000000e-01      9.00000000e-01      
2.96740000e+02      9.00000000e-01      9.00000000e-01      9.00000000e-01      9.00000000e-01      9.00000000e-01      
2.97620000e+02      9.00000000e-01      9.00000000e-01      9.00000000e-01      9.00000000e-01      9.00000000e-01      
2.98510000e+02      9.00000000e-01      9.00000000e-01      9.00000000e-01      9.00000000e-01      9.00000000e-01      
2.99400000e+02      9.00000000e-01      9.00000000e-01      9.00000000e-01      9.00000000e-01      9.00000000e-01      
3.00300000e+02      9.00000000e-01      9.00000000e-01      9.00000000e-01      9.00000000e-01      9.00000000e-01      
3.01200000e+02      9.00000000e-01      9.00000000e-01      9.00000000e-01      9.00000000e-01      9.00000000e-01      
3.02110000e+02      9.00000000e-01      9.00000000e-01      9.00000000e-01      9.00000000e-01      9.00000000e-01      
3.03030000e+02      9.00000000e-01      9.00000000e-01      9.00000000e-01      9.00000000e-01      9.00000000e-01      
3.03950000e+02      9.00000000e-01      9.00000000e-01      9.00000000e-01      9.00000000e-01      9.00000000e-01      
3.04880000e+02      9.00000000e-01      9.00000000e-01      9.00000000e-01      9.00000000e-01      9.00000000e-01      
3.05810000e+02      9.00000000e-01      9.00000000e-01      9.00000000e-01      9.00000000e-01      9.00000000e-01      
3.06750000e+02      8.49539938e-01      8.51306917e-01      8.54969689e-01      8.61609779e-01      8.72415294e-01      
3.07690000e+02      7.79367533e-01      7.83941104e-01      7.91632482e-01      8.03955437e-01      8.22544957e-01      
3.08640000e+02      6.47544496e-01      6.57223329e-01      6.71651230e-01      6.92863332e-01      7.23030396e-01      
3.09600000e+02      4.69401748e-01      4.85908006e-01      5.09115567e-01      5.41654041e-01      5.86303184e-01      
3.10560000e+02      2.99105516e-01      3.20818137e-01      3.51155016e-01      3.93379387e-01      4.50921228e-01      
3.11530000e+02      1.83464593e-01      2.05813884e-01      2.38354824e-01      2.84985361e-01      3.49790187e-01      
3.12500000e+02      1.25705362e-01      1.45299177e-01      1.76212568e-01      2.22907405e-01      2.90052902e-01      
3.13480000e+02      1.00256096e-01      1.17126553e-01      1.46110134e-01      1.92095003e-01      2.60193499e-01      
3.14470000e+02      9.03762529e-02      1.05979047e-01      1.34131523e-01      1.79950919e-01      2.48788006e-01      
3.15460000e+02      8.74532580e-02      1.02488259e-01      1.30036226e-01      1.75214191e-01      2.43372403e-01      
3.16460000e+02      8.64448972e-02      1.00703804e-01      1.26906970e-01      1.69941488e-01      2.34917128e-01      
3.17460000e+02      8.55136241e-02      9.85089053e-02      1.22398653e-01      1.61640720e-01      2.20896077e-01      
3.18470000e+02      8.43362012e-02      9.56391915e-02      1.16418567e-01      1.50551943e-01      2.02093618e-01      
3.19490000e+02      8.29907405e-02      9.23532697e-02      1.09565337e-01      1.37838877e-01      1.80532168e-01      
3.20510000e+02      8.16257330e-02      8.90193224e-02      1.02611693e-01      1.24939309e-01      1.58654205e-01      
3.21540000e+02      8.03474020e-02      8.58970688e-02      9.60995735e-02      1.12858799e-01      1.38165377e-01      
3.22580000e+02      7.92410224e-02      8.31947972e-02      9.04634148e-02      1.02403267e-01      1.20432550e-01      
3.23620000e+02      7.83582193e-02      8.10385990e-02      8.59662076e-02      9.40605832e-02      1.06283161e-01      
3.24680000e+02      7.76880873e-02      7.94018381e-02      8.25523968e-02      8.77276872e-02      9.55424210e-02      
3.25730000e+02      7.72250206e-02      7.82708231e-02      8.01934259e-02      8.33516047e-02      8.81204824e-02      
3.26800000e+02      7.69160615e-02      7.75162073e-02      7.86195152e-02      8.04318727e-02      8.31685485e-02      
3.27870000e+02      7.67265386e-02      7.70533081e-02      7.76540410e-02      7.86408397e-02      8.01309144e-02      
3.28950000e+02      7.65000000e-02      7.65000000e-02      7.65000000e-02      7.65000000e-02      7.65000000e-02      
3.30030000e+02      7.65000000e-02      7.65000000e-02      7.65000000e-02      7.65000000e-02      7.65000000e-02      
3.31130000e+02      7.65000000e-02      7.65000000e-02      7.65000000e-02      7.65000000e-02      7.65000000e-02      
3.32230000e+02      7.65000000e-02      7.65000000e-02      7.65000000e-02      7.65000000e-02      7.65000000e-02      
3.33330000e+02      7.65000000e-02      7.65000000e-02      7.65000000e-02      7.65000000e-02      7.65000000e-02      
3.34450000e+02      7.65000000e-02      7.65000000e-02      7.65000000e-02      7.65000000e-02      7.65000000e-02      
3.35570000e+02      7.65000000e-02      7.65000000e-02      7.65000000e-02      7.65000000e-02      7.65000000e-02      
3.36700000e+02      7.65000000e-02      7.65000000e-02      7.65000000e-02      7.65000000e-02      7.65000000e-02      
3.37840000e+02      7.65000000e-02      7.65000000e-02      7.65000000e-02      7.65000000e-02      7.65000000e-02      
3.38980000e+02      7.65000000e-02      7.65000000e-02      7.65000000e-02      7.65000000e-02      7.65000000e-02      
3.40140000e+02      7.62322500e-02      7.62322500e-02      7.62322500e-02      7.62322500e-02      7.62322500e-02      
3.41300000e+02      7.40137500e-02      7.40137500e-02      7.40137500e-02      7.40137500e-02      7.40137500e-02      
3.42470000e+02      7.17761250e-02      7.17761250e-02      7.17761250e-02      7.17761250e-02      7.17761250e-02      
3.43640000e+02      6.95385000e-02      6.95385000e-02      6.95385000e-02      6.95385000e-02      6.95385000e-02      
3.44830000e+02      6.72626250e-02      6.72626250e-02      6.72626250e-02      6.72626250e-02      6.72626250e-02      
3.46020000e+02      6.49867500e-02      6.49867500e-02      6.49867500e-02      6.49867500e-02      6.49867500e-02      
3.47220000e+02      6.26917500e-02      6.26917500e-02      6.26917500e-02      6.26917500e-02      6.26917500e-02      
3.48430000e+02      6.03776250e-02      6.03776250e-02      6.03776250e-02      6.03776250e-02      6.03776250e-02      
3.49650000e+02      5.80443750e-02      5.80443750e-02      5.80443750e-02      5.80443750e-02      5.80443750e-02      
3.50880000e+02      5.56920000e-02      5.56920000e-02      5.56920000e-02      5.56920000e-02      5.56920000e-02      
3.52110000e+02      5.33396250e-02      5.33396250e-02      5.33396250e-02      5.33396250e-02      5.33396250e-02      
3.53360000e+02      5.09490000e-02      5.09490000e-02      5.09490000e-02      5.09490000e-02      5.09490000e-02      
3.54610000e+02      4.85583750e-02      4.85583750e-02      4.85583750e-02      4.85583750e-02      4.85583750e-02      
3.55870000e+02      4.61486250e-02      4.61486250e-02      4.61486250e-02      4.61486250e-02      4.61486250e-02      
3.57140000e+02      4.37197500e-02      4.37197500e-02      4.37197500e-02      4.37197500e-02      4.37197500e-02      
3.58420000e+02      4.12717500e-02      4.12717500e-02      4.12717500e-02      4.12717500e-02      4.12717500e-02      
3.59710000e+02      3.88046250e-02      3.88046250e-02      3.88046250e-02      3.88046250e-02      3.88046250e-02      
3.61010000e+02      3.63183750e-02      3.63183750e-02      3.63183750e-02      3.63183750e-02      3.63183750e-02      
3.62320000e+02      3.38130000e-02      3.38130000e-02      3.38130000e-02      3.38130000e-02      3.38130000e-02      
3.63640000e+02      3.12885000e-02      3.12885000e-02      3.12885000e-02      3.12885000e-02      3.12885000e-02      
3.64960000e+02      2.87640000e-02      2.87640000e-02      2.87640000e-02      2.87640000e-02      2.87640000e-02      
3.66300000e+02      2.62012500e-02      2.62012500e-02      2.62012500e-02      2.62012500e-02      2.62012500e-02      
3.67650000e+02      2.36193750e-02      2.36193750e-02      2.36193750e-02      2.36193750e-02      2.36193750e-02      
3.69000000e+02      2.10375000e-02      2.10375000e-02      2.10375000e-02      2.10375000e-02      2.10375000e-02      
3.70370000e+02      1.84173750e-02      1.84173750e-02      1.84173750e-02      1.84173750e-02      1.84173750e-02      
3.71750000e+02      1.57781250e-02      1.57781250e-02      1.57781250e-02      1.57781250e-02      1.57781250e-02      
3.73130000e+02      1.31388750e-02      1.31388750e-02      1.31388750e-02      1.31388750e-02      1.31388750e-02      
3.74530000e+02      1.04613750e-02      1.04613750e-02      1.04613750e-02      1.04613750e-02      1.04613750e-02      
3.75940000e+02      7.76475000e-03      7.76475000e-03      7.76475000e-03      7.76475000e-03      7.76475000e-03      
3.77360000e+02      5.04900000e-03      5.04900000e-03      5.04900000e-03      5.04900000e-03      5.04900000e-03      
3.78790000e+02      2.31412500e-03      2.31412500e-03      2.31412500e-03      2.31412500e-03      2.31412500e-03      
3.80230000e+02      0.00000000e+00      0.00000000e+00      0.00000000e+00      0.00000000e+00      0.00000000e+00      
3.81680000e+02      0.00000000e+00      0.00000000e+00      0.00000000e+00      0.00000000e+00      0.00000000e+00      
3.83140000e+02      0.00000000e+00      0.00000000e+00      0.00000000e+00      0.00000000e+00      0.00000000e+00      
3.84620000e+02      0.00000000e+00      0.00000000e+00      0.00000000e+00      0.00000000e+00      0.00000000e+00      
3.86100000e+02      0.00000000e+00      0.00000000e+00      0.00000000e+00      0.00000000e+00      0.00000000e+00      
3.87600000e+02      0.00000000e+00      0.00000000e+00      0.00000000e+00      0.00000000e+00      0.00000000e+00      
3.89110000e+02      0.00000000e+00      0.00000000e+00      0.00000000e+00      0.00000000e+00      0.00000000e+00      
3.90620000e+02      0.00000000e+00      0.00000000e+00      0.00000000e+00      0.00000000e+00      0.00000000e+00      
3.92160000e+02      0.00000000e+00      0.00000000e+00      0.00000000e+00      0.00000000e+00      0.00000000e+00      
3.93700000e+02      0.00000000e+00      0.00000000e+00      0.00000000e+00      0.00000000e+00      0.00000000e+00      
3.95260000e+02      0.00000000e+00      0.00000000e+00      0.00000000e+00      0.00000000e+00      0.00000000e+00      
3.96830000e+02      0.00000000e+00      0.00000000e+00      0.00000000e+00      0.00000000e+00      0.00000000e+00      
3.98410000e+02      0.00000000e+00      0.00000000e+00      0.00000000e+00      0.00000000e+00      0.00000000e+00      
4.00000000e+02      0.00000000e+00      0.00000000e+00      0.00000000e+00      0.00000000e+00      0.00000000e+00      
4.01610000e+02      0.00000000e+00      0.00000000e+00      0.00000000e+00      0.00000000e+00      0.00000000e+00      
4.03230000e+02      0.00000000e+00      0.00000000e+00      0.00000000e+00      0.00000000e+00      0.00000000e+00      
4.04860000e+02      0.00000000e+00      0.00000000e+00      0.00000000e+00      0.00000000e+00      0.00000000e+00      
4.06500000e+02      0.00000000e+00      0.00000000e+00      0.00000000e+00      0.00000000e+00      0.00000000e+00      
4.08160000e+02      0.00000000e+00      0.00000000e+00      0.00000000e+00      0.00000000e+00      0.00000000e+00      
4.09840000e+02      0.00000000e+00      0.00000000e+00      0.00000000e+00      0.00000000e+00      0.00000000e+00      
4.11520000e+02      0.00000000e+00      0.00000000e+00      0.00000000e+00      0.00000000e+00      0.00000000e+00      
4.13220000e+02      0.00000000e+00      0.00000000e+00      0.00000000e+00      0.00000000e+00      0.00000000e+00      
4.14940000e+02      0.00000000e+00      0.00000000e+00      0.00000000e+00      0.00000000e+00      0.00000000e+00      
4.16670000e+02      0.00000000e+00      0.00000000e+00      0.00000000e+00      0.00000000e+00      0.00000000e+00      
4.18410000e+02      0.00000000e+00      0.00000000e+00      0.00000000e+00      0.00000000e+00      0.00000000e+00      
4.20170000e+02      0.00000000e+00      0.00000000e+00      0.00000000e+00      0.00000000e+00      0.00000000e+00      
4.21940000e+02      0.00000000e+00      0.00000000e+00      0.00000000e+00      0.00000000e+00      0.00000000e+00      
4.23730000e+02      0.00000000e+00      0.00000000e+00      0.00000000e+00      0.00000000e+00      0.00000000e+00      
4.25530000e+02      0.00000000e+00      0.00000000e+00      0.00000000e+00      0.00000000e+00      0.00000000e+00      
4.27350000e+02      0.00000000e+00      0.00000000e+00      0.00000000e+00      0.00000000e+00      0.00000000e+00      
4.29180000e+02      0.00000000e+00      0.00000000e+00      0.00000000e+00      0.00000000e+00      0.00000000e+00      
4.31030000e+02      0.00000000e+00      0.00000000e+00      0.00000000e+00      0.00000000e+00      0.00000000e+00      
4.32900000e+02      0.00000000e+00      0.00000000e+00      0.00000000e+00      0.00000000e+00      0.00000000e+00      
4.34780000e+02      0.00000000e+00      0.00000000e+00      0.00000000e+00      0.00000000e+00      0.00000000e+00      
4.36680000e+02      0.00000000e+00      0.00000000e+00      0.00000000e+00      0.00000000e+00      0.00000000e+00      
4.38600000e+02      0.00000000e+00      0.00000000e+00      0.00000000e+00      0.00000000e+00      0.00000000e+00      
4.40530000e+02      0.00000000e+00      0.00000000e+00      0.00000000e+00      0.00000000e+00      0.00000000e+00      
4.42480000e+02      0.00000000e+00      0.00000000e+00      0.00000000e+00      0.00000000e+00      0.00000000e+00      
4.44440000e+02      0.00000000e+00      0.00000000e+00      0.00000000e+00      0.00000000e+00      0.00000000e+00      
4.46430000e+02      0.00000000e+00      0.00000000e+00      0.00000000e+00      0.00000000e+00      0.00000000e+00      
4.48430000e+02      0.00000000e+00      0.00000000e+00      0.00000000e+00      0.00000000e+00      0.00000000e+00      
4.50450000e+02      0.00000000e+00      0.00000000e+00      0.00000000e+00      0.00000000e+00      0.00000000e+00      
4.52490000e+02      0.00000000e+00      0.00000000e+00      0.00000000e+00      0.00000000e+00      0.00000000e+00      
4.54550000e+02      0.00000000e+00      0.00000000e+00      0.00000000e+00      0.00000000e+00      0.00000000e+00      
4.56620000e+02      0.00000000e+00      0.00000000e+00      0.00000000e+00      0.00000000e+00      0.00000000e+00      
4.58720000e+02      0.00000000e+00      0.00000000e+00      0.00000000e+00      0.00000000e+00      0.00000000e+00      
4.60830000e+02      0.00000000e+00      0.00000000e+00      0.00000000e+00      0.00000000e+00      0.00000000e+00      
4.62960000e+02      0.00000000e+00      0.00000000e+00      0.00000000e+00      0.00000000e+00      0.00000000e+00      
4.65120000e+02      0.00000000e+00      0.00000000e+00      0.00000000e+00      0.00000000e+00      0.00000000e+00      
4.67290000e+02      0.00000000e+00      0.00000000e+00      0.00000000e+00      0.00000000e+00      0.00000000e+00      
4.69480000e+02      0.00000000e+00      0.00000000e+00      0.00000000e+00      0.00000000e+00      0.00000000e+00      
4.71700000e+02      0.00000000e+00      0.00000000e+00      0.00000000e+00      0.00000000e+00      0.00000000e+00      
4.73930000e+02      0.00000000e+00      0.00000000e+00      0.00000000e+00      0.00000000e+00      0.00000000e+00      
4.76190000e+02      0.00000000e+00      0.00000000e+00      0.00000000e+00      0.00000000e+00      0.00000000e+00      
4.78470000e+02      0.00000000e+00      0.00000000e+00      0.00000000e+00      0.00000000e+00      0.00000000e+00      
4.80770000e+02      0.00000000e+00      0.00000000e+00      0.00000000e+00      0.00000000e+00      0.00000000e+00      
4.83090000e+02      0.00000000e+00      0.00000000e+00      0.00000000e+00      0.00000000e+00      0.00000000e+00      
4.85440000e+02      0.00000000e+00      0.00000000e+00      0.00000000e+00      0.00000000e+00      0.00000000e+00      
4.87800000e+02      0.00000000e+00      0.00000000e+00      0.00000000e+00      0.00000000e+00      0.00000000e+00      
4.90200000e+02      0.00000000e+00      0.00000000e+00      0.00000000e+00      0.00000000e+00      0.00000000e+00      
4.92610000e+02      0.00000000e+00      0.00000000e+00      0.00000000e+00      0.00000000e+00      0.00000000e+00      
4.95050000e+02      0.00000000e+00      0.00000000e+00      0.00000000e+00      0.00000000e+00      0.00000000e+00      
4.97510000e+02      0.00000000e+00      0.00000000e+00      0.00000000e+00      0.00000000e+00      0.00000000e+00      
5.00000000e+02      0.00000000e+00      0.00000000e+00      0.00000000e+00      0.00000000e+00      0.00000000e+00      
5.02510000e+02      0.00000000e+00      0.00000000e+00      0.00000000e+00      0.00000000e+00      0.00000000e+00      
5.05050000e+02      0.00000000e+00      0.00000000e+00      0.00000000e+00      0.00000000e+00      0.00000000e+00      
5.07610000e+02      0.00000000e+00      0.00000000e+00      0.00000000e+00      0.00000000e+00      0.00000000e+00      
5.10200000e+02      0.00000000e+00      0.00000000e+00      0.00000000e+00      0.00000000e+00      0.00000000e+00      
5.12820000e+02      0.00000000e+00      0.00000000e+00      0.00000000e+00      0.00000000e+00      0.00000000e+00      
5.15460000e+02      0.00000000e+00      0.00000000e+00      0.00000000e+00      0.00000000e+00      0.00000000e+00      
5.18130000e+02      0.00000000e+00      0.00000000e+00      0.00000000e+00      0.00000000e+00      0.00000000e+00      
5.20830000e+02      0.00000000e+00      0.00000000e+00      0.00000000e+00      0.00000000e+00      0.00000000e+00      
5.23560000e+02      0.00000000e+00      0.00000000e+00      0.00000000e+00      0.00000000e+00      0.00000000e+00      
5.26320000e+02      0.00000000e+00      0.00000000e+00      0.00000000e+00      0.00000000e+00      0.00000000e+00      
5.29100000e+02      0.00000000e+00      0.00000000e+00      0.00000000e+00      0.00000000e+00      0.00000000e+00      
5.31910000e+02      0.00000000e+00      0.00000000e+00      0.00000000e+00      0.00000000e+00      0.00000000e+00      
5.34760000e+02      0.00000000e+00      0.00000000e+00      0.00000000e+00      0.00000000e+00      0.00000000e+00      
5.37630000e+02      0.00000000e+00      0.00000000e+00      0.00000000e+00      0.00000000e+00      0.00000000e+00      
5.40540000e+02      0.00000000e+00      0.00000000e+00      0.00000000e+00      0.00000000e+00      0.00000000e+00      
5.43480000e+02      0.00000000e+00      0.00000000e+00      0.00000000e+00      0.00000000e+00      0.00000000e+00      
5.46450000e+02      0.00000000e+00      0.00000000e+00      0.00000000e+00      0.00000000e+00      0.00000000e+00      
5.49450000e+02      0.00000000e+00      0.00000000e+00      0.00000000e+00      0.00000000e+00      0.00000000e+00      
5.52490000e+02      0.00000000e+00      0.00000000e+00      0.00000000e+00      0.00000000e+00      0.00000000e+00      
5.55560000e+02      0.00000000e+00      0.00000000e+00      0.00000000e+00      0.00000000e+00      0.00000000e+00      
5.58660000e+02      0.00000000e+00      0.00000000e+00      0.00000000e+00      0.00000000e+00      0.00000000e+00      
5.61800000e+02      0.00000000e+00      0.00000000e+00      0.00000000e+00      0.00000000e+00      0.00000000e+00      
5.64970000e+02      0.00000000e+00      0.00000000e+00      0.00000000e+00      0.00000000e+00      0.00000000e+00      
5.68180000e+02      0.00000000e+00      0.00000000e+00      0.00000000e+00      0.00000000e+00      0.00000000e+00      
5.71430000e+02      0.00000000e+00      0.00000000e+00      0.00000000e+00      0.00000000e+00      0.00000000e+00      
5.74710000e+02      0.00000000e+00      0.00000000e+00      0.00000000e+00      0.00000000e+00      0.00000000e+00      
5.78030000e+02      0.00000000e+00      0.00000000e+00      0.00000000e+00      0.00000000e+00      0.00000000e+00      
5.81400000e+02      0.00000000e+00      0.00000000e+00      0.00000000e+00      0.00000000e+00      0.00000000e+00      
5.84800000e+02      0.00000000e+00      0.00000000e+00      0.00000000e+00      0.00000000e+00      0.00000000e+00      
5.88240000e+02      0.00000000e+00      0.00000000e+00      0.00000000e+00      0.00000000e+00      0.00000000e+00      
5.91720000e+02      0.00000000e+00      0.00000000e+00      0.00000000e+00      0.00000000e+00      0.00000000e+00      
5.95240000e+02      0.00000000e+00      0.00000000e+00      0.00000000e+00      0.00000000e+00      0.00000000e+00      
5.98800000e+02      0.00000000e+00      0.00000000e+00      0.00000000e+00      0.00000000e+00      0.00000000e+00      
6.02410000e+02      0.00000000e+00      0.00000000e+00      0.00000000e+00      0.00000000e+00      0.00000000e+00      
6.06060000e+02      0.00000000e+00      0.00000000e+00      0.00000000e+00      0.00000000e+00      0.00000000e+00      
6.09760000e+02      0.00000000e+00      0.00000000e+00      0.00000000e+00      0.00000000e+00      0.00000000e+00      
6.13500000e+02      0.00000000e+00      0.00000000e+00      0.00000000e+00      0.00000000e+00      0.00000000e+00      
6.17280000e+02      0.00000000e+00      0.00000000e+00      0.00000000e+00      0.00000000e+00      0.00000000e+00      
6.21120000e+02      0.00000000e+00      0.00000000e+00      0.00000000e+00      0.00000000e+00      0.00000000e+00      
6.25000000e+02      0.00000000e+00      0.00000000e+00      0.00000000e+00      0.00000000e+00      0.00000000e+00      
6.28930000e+02      0.00000000e+00      0.00000000e+00      0.00000000e+00      0.00000000e+00      0.00000000e+00      
6.32910000e+02      0.00000000e+00      0.00000000e+00      0.00000000e+00      0.00000000e+00      0.00000000e+00      
6.36940000e+02      0.00000000e+00      0.00000000e+00      0.00000000e+00      0.00000000e+00      0.00000000e+00      
6.41030000e+02      0.00000000e+00      0.00000000e+00      0.00000000e+00      0.00000000e+00      0.00000000e+00      
6.45160000e+02      0.00000000e+00      0.00000000e+00      0.00000000e+00      0.00000000e+00      0.00000000e+00      
6.49350000e+02      0.00000000e+00      0.00000000e+00      0.00000000e+00      0.00000000e+00      0.00000000e+00      
6.53590000e+02      0.00000000e+00      0.00000000e+00      0.00000000e+00      0.00000000e+00      0.00000000e+00      
6.57890000e+02      0.00000000e+00      0.00000000e+00      0.00000000e+00      0.00000000e+00      0.00000000e+00      
6.62250000e+02      0.00000000e+00      0.00000000e+00      0.00000000e+00      0.00000000e+00      0.00000000e+00      
6.66670000e+02      0.00000000e+00      0.00000000e+00      0.00000000e+00      0.00000000e+00      0.00000000e+00      
6.71140000e+02      0.00000000e+00      0.00000000e+00      0.00000000e+00      0.00000000e+00      0.00000000e+00      
6.75680000e+02      0.00000000e+00      0.00000000e+00      0.00000000e+00      0.00000000e+00      0.00000000e+00      
6.80270000e+02      0.00000000e+00      0.00000000e+00      0.00000000e+00      0.00000000e+00      0.00000000e+00      
6.84930000e+02      0.00000000e+00      0.00000000e+00      0.00000000e+00      0.00000000e+00      0.00000000e+00      
6.89660000e+02      0.00000000e+00      0.00000000e+00      0.00000000e+00      0.00000000e+00      0.00000000e+00      
6.94440000e+02      0.00000000e+00      0.00000000e+00      0.00000000e+00      0.00000000e+00      0.00000000e+00      
6.99300000e+02      0.00000000e+00      0.00000000e+00      0.00000000e+00      0.00000000e+00      0.00000000e+00      
7.04230000e+02      0.00000000e+00      0.00000000e+00      0.00000000e+00      0.00000000e+00      0.00000000e+00      
7.09220000e+02      0.00000000e+00      0.00000000e+00      0.00000000e+00      0.00000000e+00      0.00000000e+00      
7.14290000e+02      0.00000000e+00      0.00000000e+00      0.00000000e+00      0.00000000e+00      0.00000000e+00      
7.19420000e+02      0.00000000e+00      0.00000000e+00      0.00000000e+00      0.00000000e+00      0.00000000e+00      
7.24640000e+02      0.00000000e+00      0.00000000e+00      0.00000000e+00      0.00000000e+00      0.00000000e+00      
7.29930000e+02      0.00000000e+00      0.00000000e+00      0.00000000e+00      0.00000000e+00      0.00000000e+00      
7.35290000e+02      0.00000000e+00      0.00000000e+00      0.00000000e+00      0.00000000e+00      0.00000000e+00      
7.40740000e+02      0.00000000e+00      0.00000000e+00      0.00000000e+00      0.00000000e+00      0.00000000e+00      
7.46270000e+02      0.00000000e+00      0.00000000e+00      0.00000000e+00      0.00000000e+00      0.00000000e+00      
7.51880000e+02      0.00000000e+00      0.00000000e+00      0.00000000e+00      0.00000000e+00      0.00000000e+00      
7.57580000e+02      0.00000000e+00      0.00000000e+00      0.00000000e+00      0.00000000e+00      0.00000000e+00      
7.63360000e+02      0.00000000e+00      0.00000000e+00      0.00000000e+00      0.00000000e+00      0.00000000e+00      
7.69230000e+02      0.00000000e+00      0.00000000e+00      0.00000000e+00      0.00000000e+00      0.00000000e+00      
7.75190000e+02      0.00000000e+00      0.00000000e+00      0.00000000e+00      0.00000000e+00      0.00000000e+00      
7.81250000e+02      0.00000000e+00      0.00000000e+00      0.00000000e+00      0.00000000e+00      0.00000000e+00      
7.87400000e+02      0.00000000e+00      0.00000000e+00      0.00000000e+00      0.00000000e+00      0.00000000e+00      
7.93650000e+02      0.00000000e+00      0.00000000e+00      0.00000000e+00      0.00000000e+00      0.00000000e+00      
8.00000000e+02      0.00000000e+00      0.00000000e+00      0.00000000e+00      0.00000000e+00      0.00000000e+00      
8.06450000e+02      0.00000000e+00      0.00000000e+00      0.00000000e+00      0.00000000e+00      0.00000000e+00      
8.13010000e+02      0.00000000e+00      0.00000000e+00      0.00000000e+00      0.00000000e+00      0.00000000e+00      
8.19670000e+02      0.00000000e+00      0.00000000e+00      0.00000000e+00      0.00000000e+00      0.00000000e+00      
8.26450000e+02      0.00000000e+00      0.00000000e+00      0.00000000e+00      0.00000000e+00      0.00000000e+00      
8.33330000e+02      0.00000000e+00      0.00000000e+00      0.00000000e+00      0.00000000e+00      0.00000000e+00      
8.40340000e+02      0.00000000e+00      0.00000000e+00      0.00000000e+00      0.00000000e+00      0.00000000e+00      
8.47460000e+02      0.00000000e+00      0.00000000e+00      0.00000000e+00      0.00000000e+00      0.00000000e+00      
8.54700000e+02      0.00000000e+00      0.00000000e+00      0.00000000e+00      0.00000000e+00      0.00000000e+00      
8.62070000e+02      0.00000000e+00      0.00000000e+00      0.00000000e+00      0.00000000e+00      0.00000000e+00      
8.69570000e+02      0.00000000e+00      0.00000000e+00      0.00000000e+00      0.00000000e+00      0.00000000e+00      
8.77190000e+02      0.00000000e+00      0.00000000e+00      0.00000000e+00      0.00000000e+00      0.00000000e+00      
8.84960000e+02      0.00000000e+00      0.00000000e+00      0.00000000e+00      0.00000000e+00      0.00000000e+00      
8.92860000e+02      0.00000000e+00      0.00000000e+00      0.00000000e+00      0.00000000e+00      0.00000000e+00      
9.00900000e+02      0.00000000e+00      0.00000000e+00      0.00000000e+00      0.00000000e+00      0.00000000e+00      
9.09090000e+02      0.00000000e+00      0.00000000e+00      0.00000000e+00      0.00000000e+00      0.00000000e+00      
9.17430000e+02      0.00000000e+00      0.00000000e+00      0.00000000e+00      0.00000000e+00      0.00000000e+00      
9.25930000e+02      0.00000000e+00      0.00000000e+00      0.00000000e+00      0.00000000e+00      0.00000000e+00      
9.34580000e+02      0.00000000e+00      0.00000000e+00      0.00000000e+00      0.00000000e+00      0.00000000e+00      
9.43400000e+02      0.00000000e+00      0.00000000e+00      0.00000000e+00      0.00000000e+00      0.00000000e+00      
9.52380000e+02      0.00000000e+00      0.00000000e+00      0.00000000e+00      0.00000000e+00      0.00000000e+00      
9.61540000e+02      0.00000000e+00      0.00000000e+00      0.00000000e+00      0.00000000e+00      0.00000000e+00      
9.70870000e+02      0.00000000e+00      0.00000000e+00      0.00000000e+00      0.00000000e+00      0.00000000e+00      
9.80390000e+02      0.00000000e+00      0.00000000e+00      0.00000000e+00      0.00000000e+00      0.00000000e+00      
9.90100000e+02      0.00000000e+00      0.00000000e+00      0.00000000e+00      0.00000000e+00      0.00000000e+00      
